0 2 0
0 14 0
0 24 0
0 33 0
0 35 0
0 47 0
0 48 0
0 51 0
1 4 0
1 9 0
1 11 0
1 16 0
1 17 0
1 19 0
1 20 0
2 2 0
2 3 0
2 6 0
2 10 0
2 13 0
2 15 0
2 18 0
2 19 0
2 21 0
2 25 0
2 27 0
2 30 0
2 33 0
3 3 0
3 20 0
3 24 0
3 31 0
3 35 0
3 41 0
3 45 0
3 46 0
3 48 0
3 51 0
3 54 0
4 0 0
4 17 0
4 19 0
4 26 0
4 33 0
4 36 0
4 39 0
4 48 0
4 52 0
4 54 0
4 55 0
5 14 0
5 24 0
5 33 0
5 35 0
5 38 0
5 40 0
5 41 0
5 47 0
5 51 0
5 57 0
6 35 0
6 41 0
6 46 0
6 51 0
10 46 0
14 42 0
16 46 0
21 63 0
22 51 0
31 0 0
33 0 0
33 3 0
33 7 0
33 10 0
33 12 0
33 15 0
33 23 0
33 25 0
33 29 0
33 30 0
33 31 0
33 32 0
33 36 0
33 39 0
33 44 0
33 46 0
33 47 0
34 0 0
34 7 0
34 10 0
34 12 0
34 15 0
34 23 0
34 25 0
34 29 0
34 30 0
34 31 0
34 32 0
34 36 0
34 43 0
34 44 0
34 46 0
34 47 0
35 3 0
35 7 0
35 10 0
35 12 0
35 23 0
35 25 0
35 29 0
35 30 0
35 31 0
35 32 0
35 39 0
35 46 0
35 47 0
36 0 0
36 6 0
36 7 0
36 12 0
36 23 0
36 29 0
36 30 0
36 31 0
36 39 0
36 44 0
36 46 0
36 47 0
37 0 0
37 3 0
37 6 0
37 7 0
37 10 0
37 12 0
37 15 0
37 17 0
37 23 0
37 25 0
37 29 0
37 30 0
37 31 0
37 32 0
37 43 0
37 46 0
37 47 0
38 0 0
38 3 0
38 6 0
38 7 0
38 10 0
38 14 0
38 15 0
38 23 0
38 29 0
38 30 0
38 31 0
38 32 0
38 35 0
38 43 0
38 46 0
38 47 0
39 0 0
39 6 0
39 9 0
39 10 0
39 20 0
39 23 0
39 25 0
39 29 0
39 30 0
39 31 0
39 32 0
39 35 0
39 36 0
39 39 0
39 43 0
39 44 0
39 46 0
39 47 0
40 0 0
40 7 0
40 8 0
40 9 0
40 20 0
40 23 0
40 24 0
40 25 0
40 29 0
40 31 0
40 32 0
40 38 0
40 39 0
40 43 0
40 44 0
40 46 0
40 47 0
41 0 0
41 1 0
41 3 0
41 6 0
41 7 0
41 9 0
41 16 0
41 20 0
41 23 0
41 24 0
41 25 0
41 29 0
41 31 0
41 32 0
41 34 0
41 35 0
41 43 0
41 44 0
41 45 0
41 46 0
41 47 0
42 4 0
42 9 0
42 13 0
42 16 0
42 18 0
42 19 0
42 21 0
42 26 0
42 34 0
42 35 0
42 42 0
42 44 0
43 4 0
43 7 0
43 9 0
43 13 0
43 16 0
43 18 0
43 19 0
43 26 0
43 32 0
43 34 0
43 35 0
43 37 0
43 42 0
43 44 0
44 4 0
44 7 0
44 9 0
44 13 0
44 16 0
44 18 0
44 19 0
44 26 0
44 32 0
44 34 0
44 42 0
44 44 0
45 9 0
45 10 0
45 13 0
45 16 0
45 18 0
45 19 0
45 21 0
45 26 0
45 32 0
45 37 0
45 44 0
46 7 0
46 9 0
46 10 0
46 13 0
46 16 0
46 18 0
46 21 0
46 26 0
46 34 0
46 44 0
47 9 0
47 13 0
47 18 0
47 19 0
47 26 0
47 44 0
48 4 0
48 9 0
48 12 0
48 17 0
48 18 0
48 42 0
48 44 0
49 2 0
49 4 0
49 13 0
49 17 0
49 18 0
49 26 0
49 41 0
49 42 0
49 44 0
50 9 0
50 13 0
50 17 0
50 18 0
50 26 0
51 8 0
51 10 0
51 11 0
51 14 0
51 18 0
51 22 0
51 25 0
51 27 0
51 33 0
51 34 0
51 42 0
51 45 0
51 46 0
51 47 0
52 5 0
52 9 0
52 11 0
52 22 0
52 23 0
52 25 0
52 27 0
52 38 0
52 46 0
53 9 0
53 11 0
53 22 0
53 23 0
53 25 0
53 27 0
53 44 0
53 46 0
53 47 0
54 9 0
54 11 0
54 17 0
54 22 0
54 25 0
54 34 0
54 44 0
54 47 0
55 22 0
56 9 0
56 17 0
56 23 0
56 25 0
56 27 0
56 33 0
56 44 0
56 46 0
56 47 0
57 17 0
57 23 0
57 25 0
57 34 0
57 40 0
57 44 0
57 46 0
57 47 0
58 17 0
58 23 0
58 25 0
58 42 0
58 44 0
59 11 0
59 25 0
59 44 0
59 47 0
75 23 0
0 2 2
0 7 2
0 14 2
0 20 2
0 24 2
0 33 2
0 35 2
0 42 2
0 47 2
0 51 2
1 4 2
1 9 2
1 16 2
1 17 2
1 19 2
1 20 2
2 2 2
2 3 2
2 6 2
2 13 2
2 15 2
2 18 2
2 19 2
2 25 2
2 30 2
2 33 2
3 3 2
3 20 2
3 24 2
3 35 2
3 40 2
3 41 2
3 45 2
3 46 2
3 48 2
3 51 2
3 54 2
4 14 2
4 19 2
4 41 2
4 54 2
5 20 2
5 24 2
5 33 2
5 40 2
5 47 2
5 51 2
5 52 2
6 0 2
6 3 2
6 35 2
6 41 2
6 51 2
6 54 2
7 6 2
7 25 2
7 31 2
7 47 2
8 3 2
8 12 2
8 25 2
10 21 2
10 46 2
12 2 2
12 13 2
12 16 2
12 26 2
12 36 2
12 41 2
12 44 2
14 11 2
14 16 2
14 35 2
14 40 2
14 43 2
18 13 2
18 28 2
18 34 2
18 54 2
19 44 2
23 1 2
23 19 2
23 37 2
24 37 2
24 49 2
25 55 2
27 0 2
28 0 2
28 42 2
31 0 2
32 1 2
32 28 2
32 37 2
32 38 2
33 3 2
33 7 2
33 10 2
33 12 2
33 15 2
33 21 2
33 23 2
33 24 2
33 25 2
33 29 2
33 30 2
33 31 2
33 32 2
33 36 2
33 38 2
33 39 2
33 43 2
33 45 2
33 46 2
33 47 2
34 7 2
34 8 2
34 9 2
34 21 2
34 24 2
34 25 2
34 29 2
34 31 2
34 36 2
34 40 2
34 42 2
34 43 2
34 46 2
35 5 2
35 10 2
35 17 2
35 23 2
35 24 2
35 29 2
35 30 2
35 31 2
35 36 2
35 37 2
35 38 2
35 39 2
35 40 2
35 43 2
36 0 2
36 6 2
36 7 2
36 12 2
36 23 2
36 25 2
36 29 2
36 30 2
36 31 2
36 43 2
36 47 2
37 0 2
37 3 2
37 6 2
37 7 2
37 8 2
37 15 2
37 17 2
37 23 2
37 24 2
37 25 2
37 29 2
37 30 2
37 31 2
37 43 2
37 46 2
37 47 2
38 0 2
38 6 2
38 7 2
38 15 2
38 23 2
38 24 2
38 29 2
38 30 2
38 35 2
38 40 2
38 43 2
38 44 2
39 6 2
39 8 2
39 9 2
39 10 2
39 19 2
39 21 2
39 24 2
39 30 2
39 31 2
39 35 2
39 36 2
39 41 2
39 43 2
39 44 2
40 0 2
40 1 2
40 7 2
40 8 2
40 9 2
40 23 2
40 24 2
40 29 2
40 31 2
40 32 2
40 35 2
40 38 2
40 39 2
40 43 2
40 44 2
40 46 2
40 47 2
41 0 2
41 1 2
41 3 2
41 4 2
41 5 2
41 7 2
41 9 2
41 12 2
41 13 2
41 16 2
41 20 2
41 21 2
41 22 2
41 23 2
41 24 2
41 25 2
41 29 2
41 31 2
41 32 2
41 34 2
41 35 2
41 43 2
41 44 2
41 45 2
41 46 2
41 47 2
42 4 2
42 9 2
42 10 2
42 18 2
42 19 2
42 26 2
42 34 2
42 35 2
42 42 2
42 44 2
43 2 2
43 4 2
43 5 2
43 7 2
43 9 2
43 10 2
43 11 2
43 13 2
43 16 2
43 18 2
43 19 2
43 21 2
43 22 2
43 26 2
43 32 2
43 33 2
43 34 2
43 35 2
43 37 2
43 40 2
43 42 2
43 44 2
44 2 2
44 5 2
44 7 2
44 9 2
44 10 2
44 11 2
44 13 2
44 16 2
44 18 2
44 22 2
44 26 2
44 42 2
44 44 2
45 9 2
45 13 2
45 18 2
45 21 2
45 31 2
45 32 2
45 44 2
46 7 2
46 9 2
46 13 2
46 18 2
46 21 2
46 26 2
46 44 2
47 44 2
48 4 2
48 10 2
48 12 2
48 17 2
48 26 2
48 32 2
48 42 2
49 2 2
49 3 2
49 4 2
49 10 2
49 13 2
49 17 2
49 18 2
49 25 2
49 32 2
49 35 2
49 41 2
49 42 2
49 44 2
50 13 2
50 17 2
50 18 2
50 26 2
51 5 2
51 8 2
51 11 2
51 14 2
51 18 2
51 22 2
51 25 2
51 27 2
51 33 2
51 46 2
51 47 2
52 1 2
52 5 2
52 9 2
52 22 2
52 23 2
52 27 2
52 39 2
53 9 2
53 17 2
53 23 2
53 39 2
54 1 2
56 9 2
56 17 2
56 33 2
56 38 2
56 44 2
56 47 2
57 24 2
57 44 2
58 3 2
58 44 2
59 17 2
59 47 2
61 11 2
61 12 2
61 15 2
61 29 2
64 1 2
64 9 2
64 16 2
64 27 2
67 11 2
68 15 2
71 14 2
73 14 2
73 16 2
75 23 2
77 16 2
77 19 2
77 20 2
80 14 2
81 5 2
81 6 2
81 9 2
81 26 2
82 6 2
82 7 2
82 11 2
82 29 2
87 10 2
0 7 4
0 22 4
0 24 4
0 33 4
0 40 4
0 42 4
0 47 4
0 51 4
1 4 4
1 9 4
1 20 4
2 2 4
2 5 4
2 6 4
2 10 4
2 11 4
2 13 4
2 15 4
2 18 4
2 19 4
2 25 4
2 27 4
2 30 4
3 3 4
3 20 4
3 24 4
3 35 4
3 45 4
3 46 4
3 48 4
3 51 4
4 19 4
4 32 4
4 33 4
5 3 4
5 20 4
5 24 4
5 33 4
5 47 4
5 51 4
6 0 4
6 2 4
6 17 4
6 35 4
6 40 4
6 51 4
6 56 4
7 5 4
7 6 4
7 31 4
7 47 4
8 0 4
8 3 4
8 12 4
8 21 4
9 36 4
10 2 4
10 21 4
10 32 4
11 44 4
12 3 4
12 10 4
12 13 4
12 27 4
12 29 4
13 27 4
14 2 4
14 6 4
14 11 4
14 16 4
14 19 4
14 25 4
14 32 4
14 40 4
14 44 4
15 3 4
15 10 4
15 11 4
16 25 4
16 27 4
16 29 4
16 32 4
16 35 4
16 36 4
16 41 4
16 43 4
16 48 4
17 62 4
18 3 4
18 7 4
18 10 4
18 13 4
18 21 4
18 34 4
18 51 4
18 54 4
19 1 4
19 10 4
19 26 4
20 8 4
20 18 4
21 16 4
21 43 4
21 57 4
21 62 4
22 0 4
22 4 4
22 21 4
23 19 4
23 37 4
24 24 4
24 49 4
24 61 4
25 19 4
25 22 4
25 24 4
25 56 4
25 61 4
27 0 4
28 46 4
28 50 4
28 72 4
30 0 4
30 11 4
30 65 4
31 0 4
32 0 4
32 1 4
32 5 4
32 21 4
32 25 4
32 28 4
32 38 4
32 41 4
32 47 4
32 53 4
32 54 4
32 56 4
33 2 4
33 3 4
33 6 4
33 7 4
33 10 4
33 12 4
33 14 4
33 15 4
33 21 4
33 22 4
33 23 4
33 24 4
33 25 4
33 26 4
33 28 4
33 29 4
33 30 4
33 31 4
33 32 4
33 36 4
33 38 4
33 39 4
33 43 4
33 45 4
33 46 4
33 47 4
34 1 4
34 7 4
34 10 4
34 15 4
34 16 4
34 25 4
34 26 4
34 31 4
34 36 4
34 37 4
34 39 4
34 40 4
34 42 4
34 43 4
35 5 4
35 10 4
35 11 4
35 12 4
35 13 4
35 17 4
35 19 4
35 23 4
35 24 4
35 26 4
35 29 4
35 30 4
35 31 4
35 36 4
35 37 4
35 38 4
35 40 4
35 43 4
36 6 4
36 7 4
36 11 4
36 12 4
36 23 4
36 24 4
36 25 4
36 29 4
36 30 4
36 31 4
36 35 4
36 43 4
36 47 4
37 0 4
37 3 4
37 6 4
37 7 4
37 8 4
37 13 4
37 15 4
37 19 4
37 23 4
37 24 4
37 25 4
37 29 4
37 30 4
37 31 4
37 32 4
37 43 4
37 44 4
37 46 4
37 47 4
38 0 4
38 2 4
38 5 4
38 6 4
38 8 4
38 12 4
38 13 4
38 19 4
38 24 4
38 27 4
38 28 4
38 29 4
38 30 4
38 34 4
38 35 4
38 36 4
38 39 4
38 40 4
38 41 4
38 43 4
38 44 4
38 47 4
39 6 4
39 8 4
39 9 4
39 10 4
39 24 4
39 30 4
39 31 4
39 35 4
39 36 4
39 43 4
39 44 4
40 3 4
40 6 4
40 8 4
40 16 4
40 21 4
40 23 4
40 29 4
40 31 4
40 35 4
40 39 4
40 44 4
40 46 4
41 0 4
41 1 4
41 3 4
41 4 4
41 5 4
41 6 4
41 7 4
41 8 4
41 9 4
41 10 4
41 12 4
41 13 4
41 15 4
41 16 4
41 17 4
41 20 4
41 21 4
41 22 4
41 23 4
41 24 4
41 25 4
41 26 4
41 29 4
41 30 4
41 31 4
41 32 4
41 33 4
41 34 4
41 35 4
41 37 4
41 38 4
41 39 4
41 42 4
41 43 4
41 44 4
41 45 4
41 46 4
41 47 4
42 4 4
42 9 4
42 12 4
42 26 4
42 34 4
42 35 4
42 36 4
42 42 4
42 44 4
43 4 4
43 7 4
43 16 4
43 26 4
43 34 4
43 35 4
44 2 4
44 5 4
44 7 4
44 9 4
44 10 4
44 13 4
44 23 4
44 26 4
44 36 4
44 42 4
44 44 4
44 46 4
45 10 4
45 13 4
45 21 4
45 44 4
46 9 4
46 11 4
46 13 4
46 21 4
46 26 4
46 44 4
48 4 4
48 17 4
48 26 4
48 42 4
49 3 4
49 4 4
49 12 4
49 13 4
49 16 4
49 17 4
49 26 4
49 28 4
49 31 4
49 35 4
49 44 4
50 13 4
50 17 4
50 26 4
51 8 4
51 11 4
51 13 4
51 22 4
51 33 4
51 46 4
51 47 4
52 22 4
52 23 4
52 27 4
53 3 4
53 35 4
54 18 4
54 19 4
54 35 4
55 11 4
56 9 4
56 14 4
56 26 4
56 32 4
56 39 4
56 41 4
57 22 4
58 10 4
60 3 4
60 5 4
60 10 4
61 0 4
61 9 4
61 12 4
61 15 4
61 20 4
61 24 4
62 1 4
62 9 4
62 11 4
62 13 4
62 14 4
62 16 4
62 20 4
62 21 4
62 22 4
62 23 4
62 26 4
62 28 4
62 29 4
64 5 4
64 10 4
64 16 4
64 20 4
64 26 4
66 9 4
66 17 4
66 27 4
67 3 4
67 20 4
67 21 4
72 6 4
72 11 4
72 19 4
73 1 4
73 10 4
73 11 4
73 16 4
73 17 4
74 0 4
74 14 4
74 21 4
74 29 4
75 23 4
76 2 4
76 3 4
76 13 4
76 14 4
77 3 4
77 7 4
77 11 4
77 13 4
77 20 4
77 26 4
79 1 4
79 12 4
79 14 4
79 15 4
79 19 4
79 29 4
80 16 4
80 28 4
81 5 4
81 18 4
81 24 4
82 0 4
82 10 4
82 16 4
82 21 4
84 9 4
84 15 4
84 24 4
85 23 4
0 6 6
0 7 6
0 8 6
0 14 6
0 22 6
0 23 6
0 24 6
0 33 6
0 40 6
0 42 6
0 47 6
0 51 6
1 4 6
1 9 6
1 13 6
1 20 6
2 2 6
2 5 6
2 10 6
2 11 6
2 13 6
2 15 6
2 18 6
2 19 6
2 25 6
2 27 6
2 30 6
3 3 6
3 20 6
3 35 6
3 41 6
3 51 6
4 6 6
4 19 6
4 32 6
4 33 6
4 34 6
4 40 6
5 3 6
5 20 6
5 24 6
5 33 6
5 40 6
5 47 6
5 51 6
6 9 6
6 35 6
6 40 6
6 51 6
6 53 6
6 56 6
7 16 6
7 35 6
8 0 6
8 5 6
8 33 6
8 37 6
8 38 6
9 36 6
10 2 6
10 3 6
10 21 6
10 26 6
10 29 6
10 32 6
11 19 6
11 44 6
11 45 6
11 47 6
12 10 6
12 12 6
12 23 6
12 25 6
12 37 6
12 39 6
12 45 6
13 4 6
14 2 6
14 5 6
14 6 6
14 7 6
14 10 6
14 18 6
14 19 6
14 40 6
15 10 6
15 32 6
15 37 6
15 41 6
16 0 6
16 3 6
16 5 6
16 19 6
16 32 6
16 33 6
16 36 6
17 0 6
17 5 6
17 7 6
17 17 6
17 56 6
17 64 6
18 0 6
18 10 6
18 21 6
18 34 6
18 47 6
18 51 6
19 1 6
19 4 6
19 10 6
21 2 6
21 11 6
21 43 6
22 11 6
23 0 6
23 21 6
24 1 6
24 11 6
24 24 6
24 25 6
24 27 6
24 39 6
24 49 6
24 51 6
24 68 6
25 5 6
25 19 6
25 21 6
25 23 6
25 24 6
25 40 6
25 47 6
25 52 6
25 56 6
25 59 6
26 0 6
26 19 6
26 21 6
26 42 6
27 0 6
27 11 6
28 25 6
28 33 6
29 11 6
31 0 6
31 11 6
32 0 6
32 1 6
32 2 6
32 10 6
32 11 6
32 23 6
32 25 6
32 28 6
32 38 6
32 40 6
32 41 6
32 43 6
32 49 6
32 53 6
32 54 6
32 57 6
33 1 6
33 6 6
33 8 6
33 9 6
33 12 6
33 21 6
33 23 6
33 25 6
33 28 6
33 29 6
33 30 6
33 32 6
33 36 6
33 38 6
33 39 6
33 41 6
33 43 6
33 45 6
33 46 6
34 5 6
34 23 6
34 31 6
34 36 6
34 44 6
35 5 6
35 7 6
35 9 6
35 11 6
35 12 6
35 13 6
35 15 6
35 16 6
35 17 6
35 19 6
35 20 6
35 23 6
35 29 6
35 30 6
35 31 6
35 36 6
35 37 6
35 38 6
35 40 6
35 41 6
35 47 6
36 3 6
36 6 6
36 7 6
36 9 6
36 10 6
36 12 6
36 14 6
36 15 6
36 17 6
36 21 6
36 24 6
36 27 6
36 28 6
36 30 6
36 31 6
36 32 6
36 35 6
36 37 6
36 38 6
36 39 6
36 40 6
36 41 6
36 44 6
36 46 6
36 47 6
37 0 6
37 3 6
37 5 6
37 6 6
37 7 6
37 8 6
37 10 6
37 12 6
37 15 6
37 17 6
37 20 6
37 22 6
37 23 6
37 25 6
37 29 6
37 30 6
37 31 6
37 32 6
37 34 6
37 41 6
37 43 6
37 44 6
37 46 6
37 47 6
38 0 6
38 5 6
38 6 6
38 8 6
38 11 6
38 12 6
38 13 6
38 14 6
38 17 6
38 20 6
38 21 6
38 24 6
38 27 6
38 30 6
38 31 6
38 34 6
38 35 6
38 37 6
38 39 6
38 41 6
38 43 6
38 44 6
38 47 6
39 5 6
39 6 6
39 8 6
39 9 6
39 24 6
39 30 6
39 31 6
39 32 6
39 36 6
39 43 6
39 44 6
40 3 6
40 4 6
40 6 6
40 8 6
40 19 6
40 21 6
40 22 6
40 23 6
40 25 6
40 26 6
40 28 6
40 29 6
40 35 6
40 41 6
40 42 6
40 43 6
40 44 6
40 46 6
41 0 6
41 1 6
41 2 6
41 3 6
41 4 6
41 5 6
41 6 6
41 7 6
41 8 6
41 9 6
41 10 6
41 11 6
41 12 6
41 13 6
41 15 6
41 16 6
41 17 6
41 20 6
41 21 6
41 22 6
41 23 6
41 24 6
41 25 6
41 26 6
41 28 6
41 29 6
41 30 6
41 31 6
41 32 6
41 33 6
41 34 6
41 35 6
41 36 6
41 38 6
41 39 6
41 41 6
41 42 6
41 43 6
41 44 6
41 45 6
41 46 6
41 47 6
42 9 6
42 17 6
42 26 6
42 34 6
42 35 6
42 36 6
42 42 6
42 44 6
43 1 6
43 35 6
44 2 6
44 5 6
44 7 6
44 9 6
44 10 6
44 16 6
44 23 6
44 26 6
44 32 6
44 33 6
44 34 6
44 44 6
45 21 6
46 9 6
46 13 6
46 21 6
46 23 6
46 26 6
46 40 6
46 44 6
47 6 6
47 29 6
48 2 6
48 9 6
48 17 6
48 26 6
48 32 6
48 33 6
48 42 6
48 43 6
49 4 6
49 11 6
49 12 6
49 13 6
49 26 6
49 28 6
49 30 6
49 35 6
49 37 6
49 39 6
49 44 6
50 17 6
51 47 6
52 5 6
52 22 6
52 23 6
52 27 6
53 10 6
53 11 6
53 29 6
54 3 6
54 18 6
54 31 6
54 35 6
54 36 6
54 45 6
56 8 6
56 11 6
56 14 6
56 15 6
56 28 6
56 34 6
56 39 6
56 41 6
57 22 6
57 35 6
58 24 6
59 36 6
60 7 6
60 11 6
60 13 6
60 25 6
60 29 6
61 0 6
61 7 6
61 8 6
61 12 6
61 25 6
61 28 6
62 0 6
62 1 6
62 2 6
62 5 6
62 6 6
62 9 6
62 11 6
62 12 6
62 13 6
62 14 6
62 20 6
62 23 6
62 26 6
62 28 6
62 29 6
63 22 6
64 0 6
64 1 6
64 2 6
64 5 6
64 7 6
64 10 6
64 11 6
64 12 6
64 16 6
64 17 6
64 18 6
64 23 6
64 24 6
65 24 6
66 5 6
66 9 6
66 12 6
66 21 6
66 24 6
67 3 6
67 10 6
67 15 6
67 21 6
67 23 6
71 6 6
72 2 6
72 5 6
72 6 6
72 7 6
72 8 6
72 9 6
72 11 6
72 19 6
72 20 6
72 22 6
72 26 6
73 0 6
73 1 6
73 6 6
73 8 6
73 14 6
73 22 6
74 1 6
74 4 6
74 7 6
74 8 6
74 10 6
74 12 6
74 14 6
74 27 6
74 28 6
75 0 6
75 12 6
75 19 6
75 26 6
75 28 6
76 1 6
76 3 6
76 9 6
76 10 6
76 13 6
76 19 6
77 7 6
77 14 6
77 20 6
79 1 6
79 2 6
79 8 6
79 12 6
79 16 6
79 21 6
79 23 6
79 25 6
79 26 6
79 28 6
79 29 6
80 4 6
80 9 6
80 27 6
81 5 6
81 18 6
81 23 6
81 24 6
82 0 6
82 2 6
82 3 6
82 8 6
82 16 6
82 28 6
83 2 6
83 25 6
84 24 6
84 26 6
84 29 6
85 29 6
0 0 8
0 2 8
0 11 8
0 14 8
0 20 8
0 22 8
0 23 8
0 24 8
0 35 8
0 38 8
0 42 8
0 47 8
0 51 8
1 4 8
1 9 8
1 19 8
1 20 8
2 2 8
2 5 8
2 15 8
2 18 8
2 25 8
2 27 8
3 3 8
3 35 8
3 41 8
4 6 8
4 26 8
4 32 8
4 42 8
4 54 8
5 3 8
5 20 8
5 24 8
5 40 8
5 51 8
6 12 8
6 15 8
6 20 8
6 32 8
6 35 8
6 40 8
6 41 8
6 45 8
6 51 8
6 56 8
7 5 8
7 6 8
8 5 8
8 33 8
8 37 8
8 45 8
9 8 8
9 13 8
9 29 8
9 36 8
9 42 8
10 2 8
10 8 8
10 15 8
10 19 8
10 26 8
10 37 8
10 46 8
11 24 8
11 37 8
12 11 8
12 20 8
12 23 8
12 37 8
12 39 8
13 14 8
14 5 8
14 9 8
14 10 8
14 17 8
14 18 8
14 19 8
14 26 8
14 29 8
14 36 8
14 37 8
14 40 8
14 45 8
14 49 8
15 10 8
15 27 8
15 32 8
15 43 8
15 45 8
15 47 8
16 3 8
16 5 8
16 33 8
16 49 8
17 5 8
17 7 8
17 33 8
17 49 8
17 58 8
17 65 8
18 0 8
18 10 8
18 25 8
18 38 8
18 55 8
19 1 8
19 2 8
19 4 8
19 10 8
19 18 8
19 22 8
19 26 8
19 31 8
20 22 8
20 26 8
20 36 8
21 0 8
21 2 8
21 11 8
21 27 8
22 11 8
22 50 8
23 8 8
23 19 8
23 28 8
23 32 8
23 46 8
24 0 8
24 1 8
24 11 8
24 25 8
24 27 8
24 39 8
24 51 8
24 68 8
24 80 8
25 5 8
25 10 8
25 19 8
25 21 8
25 22 8
25 40 8
25 44 8
25 45 8
25 47 8
25 58 8
26 0 8
26 1 8
26 5 8
26 9 8
26 11 8
26 17 8
26 18 8
26 19 8
26 20 8
26 21 8
26 22 8
26 23 8
26 24 8
26 25 8
26 27 8
26 28 8
26 30 8
26 31 8
26 37 8
26 39 8
26 40 8
26 44 8
26 47 8
27 0 8
27 11 8
28 15 8
28 27 8
28 61 8
29 21 8
29 25 8
29 26 8
29 39 8
29 60 8
29 62 8
30 42 8
31 11 8
32 2 8
32 4 8
32 10 8
32 11 8
32 23 8
32 25 8
32 26 8
32 27 8
32 28 8
32 29 8
32 31 8
32 33 8
32 34 8
32 37 8
32 40 8
32 41 8
32 43 8
32 46 8
32 47 8
32 49 8
33 5 8
33 6 8
33 12 8
33 13 8
33 15 8
33 21 8
33 23 8
33 25 8
33 28 8
33 29 8
33 30 8
33 31 8
33 32 8
33 33 8
33 36 8
33 38 8
33 39 8
33 41 8
33 43 8
33 44 8
33 46 8
34 36 8
35 2 8
35 3 8
35 5 8
35 7 8
35 11 8
35 12 8
35 13 8
35 14 8
35 15 8
35 17 8
35 19 8
35 20 8
35 21 8
35 29 8
35 30 8
35 31 8
35 32 8
35 37 8
35 38 8
35 40 8
35 41 8
35 44 8
35 45 8
35 47 8
36 1 8
36 3 8
36 5 8
36 6 8
36 7 8
36 9 8
36 11 8
36 14 8
36 15 8
36 16 8
36 17 8
36 18 8
36 20 8
36 21 8
36 24 8
36 27 8
36 28 8
36 30 8
36 31 8
36 34 8
36 35 8
36 37 8
36 39 8
36 40 8
36 41 8
36 42 8
36 44 8
36 45 8
36 46 8
36 47 8
37 0 8
37 3 8
37 5 8
37 6 8
37 7 8
37 10 8
37 15 8
37 16 8
37 17 8
37 20 8
37 23 8
37 25 8
37 28 8
37 29 8
37 30 8
37 31 8
37 32 8
37 34 8
37 41 8
37 43 8
37 46 8
37 47 8
38 0 8
38 3 8
38 5 8
38 8 8
38 10 8
38 14 8
38 15 8
38 17 8
38 18 8
38 20 8
38 24 8
38 25 8
38 29 8
38 30 8
38 31 8
38 32 8
38 34 8
38 35 8
38 37 8
38 39 8
39 0 8
39 5 8
39 8 8
39 9 8
39 15 8
39 24 8
39 28 8
39 29 8
39 30 8
39 31 8
39 43 8
40 3 8
40 4 8
40 6 8
40 8 8
40 9 8
40 10 8
40 19 8
40 20 8
40 23 8
40 27 8
40 28 8
40 29 8
40 31 8
40 34 8
40 35 8
40 41 8
40 43 8
40 46 8
41 2 8
41 3 8
41 4 8
41 5 8
41 6 8
41 7 8
41 8 8
41 9 8
41 10 8
41 11 8
41 12 8
41 13 8
41 14 8
41 15 8
41 16 8
41 17 8
41 20 8
41 21 8
41 22 8
41 23 8
41 24 8
41 25 8
41 26 8
41 28 8
41 29 8
41 30 8
41 31 8
41 32 8
41 33 8
41 34 8
41 35 8
41 37 8
41 38 8
41 40 8
41 41 8
41 42 8
41 43 8
41 44 8
41 45 8
41 46 8
41 47 8
42 2 8
42 9 8
42 17 8
42 18 8
42 26 8
42 28 8
42 34 8
42 35 8
43 35 8
43 45 8
44 0 8
44 5 8
44 7 8
44 9 8
44 10 8
44 16 8
44 23 8
44 26 8
44 32 8
44 33 8
44 34 8
44 40 8
45 3 8
46 13 8
46 18 8
46 21 8
46 23 8
46 26 8
46 34 8
46 40 8
46 44 8
47 0 8
47 16 8
47 27 8
47 47 8
48 2 8
48 9 8
48 11 8
48 16 8
48 17 8
48 18 8
48 21 8
48 22 8
48 38 8
48 42 8
49 4 8
49 6 8
49 10 8
49 11 8
49 12 8
49 13 8
49 18 8
49 24 8
49 26 8
49 30 8
49 35 8
49 39 8
49 44 8
51 3 8
52 22 8
52 23 8
52 27 8
52 32 8
53 29 8
53 45 8
53 47 8
54 0 8
54 2 8
54 3 8
54 18 8
54 35 8
54 36 8
55 18 8
56 4 8
56 11 8
56 12 8
56 22 8
56 38 8
56 39 8
56 41 8
56 45 8
57 2 8
60 0 8
60 2 8
60 13 8
60 17 8
60 19 8
60 20 8
60 24 8
60 25 8
61 3 8
61 19 8
61 22 8
62 0 8
62 1 8
62 2 8
62 5 8
62 6 8
62 11 8
62 12 8
62 18 8
62 20 8
62 23 8
62 24 8
62 26 8
62 27 8
62 28 8
63 24 8
63 26 8
64 4 8
64 5 8
64 6 8
64 16 8
64 17 8
64 18 8
64 19 8
64 21 8
64 23 8
64 25 8
64 28 8
65 24 8
65 25 8
66 0 8
66 7 8
66 10 8
66 13 8
66 21 8
66 24 8
66 25 8
67 3 8
67 15 8
67 21 8
67 23 8
69 19 8
69 28 8
71 5 8
71 12 8
72 5 8
72 9 8
72 10 8
72 12 8
72 19 8
72 20 8
72 22 8
72 24 8
72 26 8
72 27 8
72 29 8
73 0 8
73 1 8
73 6 8
73 14 8
73 19 8
73 23 8
74 4 8
74 11 8
74 13 8
74 29 8
75 5 8
75 22 8
75 29 8
76 4 8
76 9 8
76 17 8
76 21 8
77 0 8
77 7 8
77 13 8
77 20 8
77 28 8
78 19 8
79 1 8
79 2 8
79 4 8
79 13 8
79 16 8
79 17 8
79 19 8
79 21 8
79 24 8
79 25 8
79 26 8
79 28 8
80 1 8
80 9 8
80 15 8
80 27 8
80 29 8
81 3 8
81 19 8
81 22 8
81 23 8
81 26 8
82 0 8
82 2 8
82 3 8
82 21 8
82 24 8
82 27 8
82 28 8
83 9 8
83 10 8
83 12 8
83 16 8
83 22 8
84 3 8
84 19 8
84 26 8
85 13 8
87 3 8
87 11 8
0 0 10
0 2 10
0 14 10
0 22 10
0 35 10
0 38 10
0 42 10
0 51 10
1 4 10
1 9 10
1 19 10
1 20 10
2 2 10
2 5 10
2 13 10
2 15 10
2 18 10
2 21 10
2 25 10
2 27 10
2 29 10
3 32 10
4 1 10
4 3 10
4 6 10
4 16 10
4 19 10
4 32 10
4 37 10
4 38 10
4 47 10
5 3 10
5 20 10
5 33 10
5 40 10
5 47 10
5 51 10
6 3 10
6 4 10
6 10 10
6 15 10
6 20 10
6 24 10
6 28 10
6 32 10
6 35 10
6 40 10
6 45 10
6 51 10
6 56 10
7 5 10
7 47 10
8 5 10
8 37 10
9 29 10
9 36 10
9 42 10
9 43 10
10 8 10
10 13 10
10 26 10
10 37 10
10 44 10
10 46 10
11 37 10
12 0 10
12 1 10
12 17 10
12 20 10
12 24 10
12 38 10
12 39 10
13 5 10
13 19 10
14 1 10
14 2 10
14 8 10
14 19 10
14 21 10
14 26 10
14 29 10
14 40 10
14 46 10
14 49 10
15 43 10
15 47 10
16 38 10
17 5 10
17 7 10
17 26 10
17 32 10
17 50 10
17 52 10
17 58 10
17 65 10
18 0 10
18 1 10
18 2 10
18 5 10
18 23 10
18 32 10
18 36 10
18 44 10
18 45 10
18 46 10
18 48 10
19 10 10
19 18 10
19 29 10
19 46 10
20 10 10
20 15 10
20 26 10
21 0 10
21 1 10
21 34 10
22 11 10
22 19 10
22 45 10
22 51 10
23 11 10
23 28 10
24 0 10
24 1 10
24 8 10
24 9 10
24 13 10
24 15 10
24 22 10
24 26 10
24 27 10
24 34 10
24 37 10
24 38 10
24 39 10
24 41 10
24 47 10
24 48 10
24 52 10
24 53 10
24 56 10
24 61 10
24 66 10
24 70 10
24 72 10
24 75 10
24 83 10
24 84 10
25 20 10
25 21 10
25 34 10
25 47 10
26 34 10
26 35 10
26 45 10
27 0 10
27 42 10
28 0 10
29 9 10
29 19 10
29 21 10
29 24 10
29 46 10
31 29 10
32 1 10
32 2 10
32 4 10
32 16 10
32 17 10
32 20 10
32 23 10
32 24 10
32 26 10
32 27 10
32 29 10
32 31 10
32 32 10
32 33 10
32 34 10
32 37 10
32 40 10
32 43 10
32 45 10
32 46 10
32 47 10
32 48 10
32 49 10
32 56 10
33 2 10
33 5 10
33 6 10
33 8 10
33 11 10
33 12 10
33 13 10
33 15 10
33 16 10
33 20 10
33 21 10
33 23 10
33 25 10
33 28 10
33 29 10
33 30 10
33 31 10
33 32 10
33 33 10
33 36 10
33 37 10
33 38 10
33 39 10
33 41 10
33 43 10
33 44 10
33 45 10
33 46 10
34 28 10
35 5 10
35 7 10
35 10 10
35 11 10
35 12 10
35 13 10
35 14 10
35 15 10
35 17 10
35 19 10
35 20 10
35 21 10
35 23 10
35 24 10
35 29 10
35 30 10
35 31 10
35 32 10
35 37 10
35 38 10
35 40 10
35 44 10
35 45 10
35 47 10
36 0 10
36 1 10
36 3 10
36 5 10
36 6 10
36 8 10
36 9 10
36 10 10
36 13 10
36 14 10
36 15 10
36 16 10
36 18 10
36 19 10
36 20 10
36 23 10
36 24 10
36 28 10
36 30 10
36 31 10
36 35 10
36 37 10
36 39 10
36 40 10
36 41 10
36 42 10
36 43 10
36 44 10
36 45 10
36 46 10
37 0 10
37 3 10
37 5 10
37 6 10
37 7 10
37 10 10
37 15 10
37 16 10
37 17 10
37 20 10
37 23 10
37 25 10
37 28 10
37 29 10
37 30 10
37 31 10
37 32 10
37 34 10
37 41 10
37 43 10
37 46 10
37 47 10
38 0 10
38 3 10
38 4 10
38 7 10
38 8 10
38 10 10
38 14 10
38 20 10
38 23 10
38 26 10
38 29 10
38 30 10
38 31 10
38 32 10
38 36 10
38 37 10
38 38 10
38 40 10
38 41 10
38 46 10
39 0 10
39 8 10
39 9 10
39 25 10
39 29 10
39 30 10
39 31 10
39 32 10
39 35 10
39 39 10
39 43 10
39 46 10
39 47 10
40 3 10
40 6 10
40 8 10
40 9 10
40 10 10
40 11 10
40 13 10
40 14 10
40 20 10
40 23 10
40 24 10
40 29 10
40 31 10
40 34 10
40 35 10
40 41 10
40 42 10
40 43 10
40 46 10
41 0 10
41 1 10
41 2 10
41 3 10
41 4 10
41 5 10
41 6 10
41 7 10
41 8 10
41 9 10
41 10 10
41 11 10
41 12 10
41 13 10
41 14 10
41 15 10
41 16 10
41 17 10
41 18 10
41 20 10
41 21 10
41 22 10
41 23 10
41 24 10
41 25 10
41 26 10
41 27 10
41 28 10
41 29 10
41 31 10
41 32 10
41 33 10
41 34 10
41 35 10
41 37 10
41 38 10
41 40 10
41 41 10
41 42 10
41 43 10
41 44 10
41 45 10
41 46 10
41 47 10
42 9 10
42 18 10
42 25 10
42 26 10
42 32 10
42 35 10
42 47 10
43 35 10
44 0 10
44 2 10
44 5 10
44 7 10
44 10 10
44 16 10
44 25 10
44 26 10
44 32 10
44 33 10
44 34 10
45 21 10
45 47 10
46 7 10
46 13 10
46 18 10
46 21 10
46 23 10
46 26 10
46 40 10
46 44 10
47 15 10
47 16 10
47 47 10
48 0 10
48 4 10
48 5 10
48 11 10
48 16 10
48 17 10
48 18 10
48 21 10
48 22 10
48 40 10
48 42 10
49 4 10
49 10 10
49 11 10
49 12 10
49 13 10
49 17 10
49 24 10
49 26 10
49 30 10
49 35 10
49 39 10
49 44 10
50 42 10
52 22 10
52 23 10
52 35 10
52 45 10
53 32 10
54 2 10
54 4 10
54 14 10
54 18 10
54 29 10
56 9 10
56 14 10
56 22 10
56 23 10
56 24 10
56 26 10
56 27 10
56 29 10
56 35 10
56 38 10
56 43 10
56 44 10
56 45 10
60 16 10
60 17 10
60 20 10
60 23 10
60 24 10
61 4 10
61 15 10
61 19 10
61 27 10
62 1 10
62 5 10
62 18 10
62 25 10
62 26 10
62 27 10
62 28 10
63 27 10
64 4 10
64 6 10
64 7 10
64 8 10
64 17 10
64 20 10
64 22 10
64 26 10
65 19 10
66 0 10
66 1 10
66 2 10
66 4 10
66 6 10
66 7 10
66 15 10
66 18 10
66 21 10
66 25 10
67 1 10
67 4 10
67 6 10
67 7 10
67 9 10
67 21 10
67 23 10
69 19 10
70 8 10
71 12 10
71 21 10
72 4 10
72 19 10
72 20 10
72 24 10
72 27 10
72 29 10
73 0 10
73 15 10
73 16 10
73 19 10
73 29 10
74 4 10
74 29 10
75 22 10
75 29 10
76 4 10
76 7 10
76 28 10
78 21 10
79 3 10
79 5 10
79 11 10
79 13 10
79 16 10
79 17 10
79 19 10
79 20 10
79 21 10
79 24 10
79 26 10
79 27 10
80 1 10
80 8 10
80 9 10
80 11 10
80 15 10
80 17 10
80 24 10
80 27 10
80 28 10
81 3 10
81 5 10
81 6 10
81 15 10
81 19 10
81 23 10
81 26 10
81 29 10
82 1 10
82 2 10
82 3 10
82 20 10
82 23 10
82 28 10
83 3 10
83 9 10
83 10 10
83 11 10
83 14 10
83 20 10
83 22 10
83 24 10
83 29 10
84 2 10
84 5 10
84 7 10
84 12 10
84 19 10
84 25 10
84 28 10
85 11 10
85 21 10
87 3 10
87 5 10
87 24 10
0 0 12
0 11 12
0 24 12
0 42 12
0 45 12
0 57 12
1 4 12
1 6 12
1 9 12
1 19 12
1 20 12
2 2 12
2 3 12
2 5 12
2 18 12
2 21 12
2 25 12
2 29 12
3 32 12
3 47 12
4 16 12
4 19 12
4 37 12
4 47 12
4 48 12
5 20 12
5 41 12
5 47 12
5 51 12
6 3 12
6 4 12
6 6 12
6 10 12
6 14 12
6 15 12
6 24 12
6 25 12
6 32 12
6 40 12
6 51 12
6 53 12
6 56 12
7 8 12
7 19 12
8 5 12
8 23 12
8 25 12
8 31 12
8 36 12
8 37 12
9 25 12
9 29 12
9 43 12
10 3 12
10 8 12
10 13 12
10 37 12
11 8 12
11 37 12
12 1 12
12 10 12
12 16 12
12 39 12
14 1 12
14 18 12
14 19 12
14 21 12
14 22 12
14 24 12
14 39 12
14 40 12
14 41 12
16 49 12
17 5 12
17 21 12
17 35 12
17 37 12
17 47 12
17 52 12
18 2 12
18 7 12
18 15 12
18 17 12
18 20 12
18 30 12
18 33 12
18 36 12
18 41 12
18 43 12
18 44 12
18 45 12
18 48 12
19 5 12
19 21 12
19 30 12
19 42 12
20 15 12
20 26 12
21 0 12
21 4 12
21 44 12
22 0 12
22 37 12
24 0 12
24 1 12
24 4 12
24 9 12
24 13 12
24 15 12
24 16 12
24 26 12
24 38 12
24 40 12
24 43 12
24 44 12
24 48 12
24 52 12
24 54 12
24 55 12
24 56 12
24 58 12
24 66 12
24 69 12
24 70 12
24 72 12
24 75 12
24 84 12
25 6 12
25 8 12
25 12 12
25 20 12
25 27 12
25 43 12
25 47 12
26 11 12
26 35 12
26 45 12
27 0 12
27 42 12
28 0 12
28 36 12
29 11 12
29 35 12
29 37 12
30 0 12
31 59 12
32 2 12
32 4 12
32 13 12
32 14 12
32 16 12
32 19 12
32 23 12
32 24 12
32 27 12
32 29 12
32 30 12
32 31 12
32 33 12
32 34 12
32 36 12
32 37 12
32 40 12
32 43 12
32 45 12
32 46 12
32 47 12
32 48 12
32 49 12
32 51 12
32 53 12
32 56 12
32 57 12
33 1 12
33 2 12
33 3 12
33 4 12
33 5 12
33 6 12
33 7 12
33 9 12
33 11 12
33 12 12
33 13 12
33 15 12
33 16 12
33 20 12
33 21 12
33 23 12
33 25 12
33 28 12
33 29 12
33 30 12
33 31 12
33 32 12
33 33 12
33 36 12
33 37 12
33 38 12
33 43 12
33 44 12
33 45 12
33 46 12
34 11 12
34 41 12
35 2 12
35 5 12
35 7 12
35 9 12
35 10 12
35 11 12
35 12 12
35 13 12
35 14 12
35 15 12
35 17 12
35 19 12
35 20 12
35 21 12
35 23 12
35 24 12
35 28 12
35 29 12
35 30 12
35 31 12
35 32 12
35 34 12
35 37 12
35 38 12
35 40 12
35 41 12
35 42 12
35 44 12
35 45 12
35 46 12
35 47 12
36 0 12
36 1 12
36 2 12
36 4 12
36 5 12
36 6 12
36 10 12
36 13 12
36 14 12
36 15 12
36 16 12
36 18 12
36 19 12
36 20 12
36 22 12
36 23 12
36 24 12
36 25 12
36 27 12
36 28 12
36 31 12
36 32 12
36 35 12
36 37 12
36 38 12
36 39 12
36 41 12
36 42 12
36 43 12
36 44 12
36 45 12
36 46 12
37 0 12
37 3 12
37 5 12
37 6 12
37 7 12
37 10 12
37 15 12
37 17 12
37 20 12
37 23 12
37 28 12
37 29 12
37 30 12
37 31 12
37 32 12
37 34 12
37 37 12
37 41 12
37 43 12
38 0 12
38 1 12
38 3 12
38 4 12
38 6 12
38 7 12
38 9 12
38 10 12
38 14 12
38 15 12
38 16 12
38 20 12
38 22 12
38 23 12
38 26 12
38 28 12
38 29 12
38 32 12
38 37 12
38 38 12
38 39 12
38 40 12
38 41 12
38 46 12
39 0 12
39 6 12
39 8 12
39 25 12
39 26 12
39 29 12
39 30 12
39 31 12
39 32 12
39 38 12
39 39 12
39 43 12
39 46 12
40 3 12
40 6 12
40 8 12
40 9 12
40 10 12
40 20 12
40 23 12
40 24 12
40 29 12
40 31 12
40 34 12
40 35 12
40 41 12
40 42 12
40 43 12
40 44 12
40 45 12
40 46 12
41 0 12
41 3 12
41 6 12
41 12 12
41 18 12
41 25 12
41 31 12
41 33 12
41 35 12
41 40 12
41 43 12
41 44 12
41 47 12
42 1 12
42 9 12
42 17 12
42 32 12
42 35 12
43 25 12
43 35 12
43 39 12
44 5 12
44 7 12
44 10 12
44 16 12
44 34 12
44 42 12
45 21 12
45 39 12
45 42 12
45 47 12
46 7 12
46 13 12
46 18 12
46 21 12
46 26 12
46 40 12
46 44 12
47 1 12
48 3 12
48 4 12
48 11 12
48 17 12
48 18 12
48 21 12
48 27 12
48 40 12
48 42 12
49 2 12
49 4 12
49 10 12
49 12 12
49 13 12
49 17 12
49 26 12
49 27 12
49 32 12
49 34 12
49 35 12
49 37 12
49 39 12
49 44 12
49 45 12
52 7 12
52 35 12
52 42 12
53 22 12
54 14 12
54 15 12
54 29 12
54 42 12
54 47 12
56 1 12
56 3 12
56 7 12
56 22 12
56 27 12
56 29 12
57 24 12
58 11 12
58 30 12
60 4 12
60 18 12
60 23 12
60 24 12
60 28 12
61 18 12
61 27 12
62 5 12
62 8 12
62 16 12
62 22 12
63 16 12
64 0 12
64 4 12
64 6 12
64 7 12
64 8 12
64 12 12
64 20 12
64 26 12
64 29 12
65 3 12
65 25 12
66 1 12
66 6 12
66 7 12
66 18 12
66 21 12
66 25 12
67 6 12
67 12 12
67 24 12
67 26 12
68 13 12
68 20 12
70 8 12
70 12 12
70 17 12
70 26 12
70 29 12
71 5 12
71 10 12
71 15 12
71 20 12
71 21 12
72 0 12
72 3 12
72 20 12
72 25 12
72 27 12
72 28 12
73 14 12
73 15 12
73 16 12
73 26 12
73 29 12
74 1 12
74 4 12
74 11 12
74 18 12
74 20 12
74 22 12
74 29 12
75 2 12
75 20 12
75 22 12
75 24 12
75 27 12
76 1 12
76 4 12
76 6 12
76 15 12
76 22 12
76 28 12
77 23 12
78 14 12
78 21 12
79 0 12
79 3 12
79 5 12
79 7 12
79 8 12
79 10 12
79 11 12
79 12 12
79 16 12
79 17 12
79 19 12
79 23 12
79 24 12
79 25 12
79 26 12
79 27 12
80 1 12
80 5 12
80 7 12
80 8 12
80 11 12
80 15 12
80 24 12
80 26 12
80 27 12
80 28 12
81 3 12
81 5 12
81 6 12
81 7 12
81 10 12
81 11 12
81 14 12
81 15 12
81 17 12
81 19 12
81 23 12
81 26 12
82 1 12
82 3 12
82 9 12
82 15 12
82 17 12
82 24 12
83 0 12
83 10 12
83 17 12
83 20 12
83 22 12
83 23 12
83 29 12
84 0 12
84 1 12
84 2 12
84 5 12
84 6 12
84 10 12
84 15 12
84 16 12
84 19 12
84 21 12
84 22 12
84 25 12
84 28 12
85 20 12
87 13 12
0 0 14
0 4 14
0 45 14
0 46 14
0 53 14
0 54 14
1 4 14
1 9 14
1 12 14
1 19 14
1 20 14
2 2 14
2 21 14
2 25 14
2 28 14
2 29 14
3 46 14
4 9 14
4 37 14
4 47 14
5 11 14
5 21 14
5 29 14
5 33 14
5 45 14
5 47 14
5 51 14
6 3 14
6 4 14
6 13 14
6 14 14
6 24 14
6 31 14
6 32 14
6 33 14
6 41 14
6 42 14
6 44 14
6 51 14
6 53 14
6 54 14
6 56 14
7 46 14
8 6 14
8 23 14
8 29 14
8 31 14
8 36 14
9 3 14
9 21 14
9 41 14
9 49 14
10 1 14
10 3 14
10 8 14
10 13 14
10 35 14
10 37 14
11 3 14
11 10 14
11 31 14
11 33 14
11 42 14
12 13 14
12 43 14
13 14 14
13 16 14
13 27 14
13 35 14
13 38 14
13 40 14
14 3 14
14 4 14
14 8 14
14 17 14
14 18 14
14 21 14
14 23 14
14 25 14
14 33 14
14 37 14
14 38 14
14 39 14
14 40 14
14 42 14
15 19 14
15 20 14
15 46 14
16 13 14
17 2 14
17 4 14
17 10 14
17 18 14
17 21 14
17 24 14
17 52 14
17 53 14
17 54 14
17 57 14
18 7 14
18 15 14
18 17 14
18 20 14
18 31 14
18 32 14
18 48 14
20 20 14
20 27 14
21 0 14
21 9 14
21 37 14
21 62 14
22 0 14
22 37 14
23 0 14
23 40 14
24 0 14
24 1 14
24 4 14
24 10 14
24 13 14
24 15 14
24 21 14
24 35 14
24 40 14
24 44 14
24 48 14
24 49 14
24 52 14
24 55 14
24 58 14
24 69 14
24 76 14
24 77 14
24 80 14
24 84 14
25 6 14
25 12 14
25 27 14
25 38 14
26 6 14
26 11 14
26 45 14
26 48 14
28 0 14
28 6 14
28 24 14
28 28 14
28 36 14
29 11 14
32 2 14
32 4 14
32 7 14
32 8 14
32 10 14
32 11 14
32 14 14
32 15 14
32 19 14
32 20 14
32 21 14
32 23 14
32 24 14
32 26 14
32 27 14
32 28 14
32 29 14
32 31 14
32 32 14
32 34 14
32 35 14
32 36 14
32 37 14
32 40 14
32 43 14
32 44 14
32 45 14
32 46 14
32 47 14
32 48 14
32 49 14
32 50 14
32 51 14
32 53 14
32 56 14
32 57 14
33 2 14
33 3 14
33 4 14
33 6 14
33 7 14
33 9 14
33 11 14
33 12 14
33 13 14
33 15 14
33 17 14
33 19 14
33 20 14
33 25 14
33 27 14
33 28 14
33 29 14
33 30 14
33 31 14
33 32 14
33 33 14
33 36 14
33 38 14
33 40 14
33 41 14
33 43 14
33 45 14
33 46 14
33 47 14
34 2 14
34 34 14
34 36 14
34 44 14
35 0 14
35 1 14
35 3 14
35 5 14
35 7 14
35 9 14
35 10 14
35 12 14
35 14 14
35 15 14
35 16 14
35 19 14
35 20 14
35 21 14
35 22 14
35 23 14
35 24 14
35 25 14
35 26 14
35 27 14
35 28 14
35 29 14
35 30 14
35 31 14
35 32 14
35 34 14
35 37 14
35 38 14
35 40 14
35 42 14
35 44 14
35 45 14
35 46 14
35 47 14
36 0 14
36 1 14
36 2 14
36 4 14
36 5 14
36 7 14
36 10 14
36 13 14
36 14 14
36 15 14
36 16 14
36 17 14
36 18 14
36 19 14
36 20 14
36 22 14
36 23 14
36 24 14
36 25 14
36 27 14
36 29 14
36 31 14
36 32 14
36 35 14
36 37 14
36 38 14
36 39 14
36 40 14
36 41 14
36 42 14
36 43 14
36 44 14
36 45 14
36 46 14
37 0 14
37 3 14
37 5 14
37 6 14
37 7 14
37 10 14
37 15 14
37 17 14
37 20 14
37 23 14
37 24 14
37 28 14
37 29 14
37 30 14
37 31 14
37 32 14
37 34 14
37 37 14
37 40 14
37 41 14
37 43 14
37 45 14
37 47 14
38 0 14
38 1 14
38 3 14
38 4 14
38 6 14
38 7 14
38 9 14
38 10 14
38 13 14
38 14 14
38 15 14
38 16 14
38 18 14
38 20 14
38 22 14
38 23 14
38 24 14
38 26 14
38 27 14
38 28 14
38 29 14
38 31 14
38 32 14
38 33 14
38 34 14
38 37 14
38 38 14
38 39 14
38 40 14
38 41 14
38 44 14
38 46 14
39 0 14
39 1 14
39 5 14
39 8 14
39 13 14
39 22 14
39 25 14
39 26 14
39 29 14
39 30 14
39 39 14
39 41 14
39 43 14
39 46 14
40 3 14
40 6 14
40 8 14
40 9 14
40 10 14
40 20 14
40 22 14
40 23 14
40 24 14
40 27 14
40 29 14
40 31 14
40 34 14
40 35 14
40 39 14
40 41 14
40 42 14
40 43 14
40 44 14
40 46 14
41 1 14
41 2 14
41 5 14
41 7 14
41 10 14
41 16 14
41 17 14
41 18 14
41 19 14
41 22 14
41 24 14
41 26 14
41 29 14
41 31 14
41 35 14
41 36 14
41 39 14
41 40 14
41 41 14
41 42 14
41 43 14
41 44 14
41 47 14
42 0 14
42 9 14
42 17 14
42 22 14
42 32 14
42 35 14
43 2 14
43 11 14
43 12 14
43 19 14
43 25 14
43 35 14
43 37 14
43 39 14
43 47 14
44 5 14
44 7 14
44 16 14
44 26 14
44 34 14
44 35 14
44 42 14
46 11 14
46 13 14
46 18 14
46 21 14
46 26 14
46 44 14
47 11 14
47 18 14
47 45 14
48 17 14
48 21 14
48 30 14
48 42 14
49 4 14
49 10 14
49 12 14
49 13 14
49 17 14
49 27 14
49 35 14
49 39 14
49 42 14
49 44 14
53 6 14
54 2 14
54 11 14
54 14 14
54 15 14
55 36 14
56 7 14
56 16 14
56 22 14
56 27 14
56 34 14
56 36 14
57 6 14
57 23 14
57 24 14
57 27 14
57 44 14
57 45 14
60 4 14
60 18 14
60 23 14
60 24 14
61 9 14
61 14 14
61 25 14
61 29 14
62 3 14
62 4 14
62 7 14
62 17 14
62 19 14
62 22 14
63 5 14
64 2 14
64 4 14
64 6 14
64 8 14
64 9 14
64 13 14
64 29 14
65 17 14
66 1 14
66 7 14
66 19 14
66 22 14
66 25 14
67 6 14
67 9 14
67 12 14
67 13 14
67 27 14
69 9 14
69 24 14
70 23 14
71 2 14
71 5 14
71 9 14
71 15 14
71 20 14
71 29 14
72 0 14
72 3 14
72 6 14
72 20 14
72 25 14
73 14 14
73 23 14
73 26 14
73 27 14
73 29 14
74 4 14
74 14 14
74 22 14
74 28 14
75 2 14
75 13 14
75 20 14
75 22 14
75 24 14
75 28 14
76 4 14
76 11 14
76 20 14
76 22 14
76 24 14
76 28 14
78 20 14
78 21 14
79 0 14
79 1 14
79 3 14
79 4 14
79 5 14
79 6 14
79 7 14
79 9 14
79 10 14
79 11 14
79 12 14
79 16 14
79 17 14
79 18 14
79 19 14
79 20 14
79 22 14
79 23 14
79 24 14
79 26 14
79 27 14
79 28 14
79 29 14
80 3 14
80 5 14
80 7 14
80 8 14
80 11 14
80 15 14
80 16 14
80 20 14
80 22 14
80 26 14
80 28 14
81 3 14
81 5 14
81 8 14
81 10 14
81 11 14
81 14 14
81 15 14
81 17 14
81 19 14
81 20 14
81 23 14
81 25 14
81 26 14
81 29 14
82 1 14
82 3 14
82 17 14
82 18 14
82 19 14
82 24 14
83 0 14
83 6 14
83 10 14
83 22 14
83 23 14
83 27 14
84 1 14
84 5 14
84 8 14
84 10 14
84 15 14
84 16 14
84 22 14
84 28 14
87 13 14
87 19 14
0 0 16
0 14 16
0 20 16
0 46 16
1 4 16
1 9 16
1 20 16
2 2 16
2 21 16
2 23 16
2 29 16
3 14 16
3 17 16
3 34 16
4 7 16
4 9 16
4 32 16
4 34 16
4 37 16
4 40 16
5 11 16
5 14 16
5 22 16
5 29 16
5 33 16
5 41 16
5 45 16
5 47 16
5 51 16
6 3 16
6 4 16
6 11 16
6 18 16
6 20 16
6 21 16
6 31 16
6 40 16
6 41 16
6 42 16
6 44 16
6 46 16
6 47 16
6 51 16
6 56 16
7 14 16
7 21 16
7 46 16
8 11 16
8 29 16
8 36 16
9 3 16
9 21 16
9 24 16
9 49 16
10 1 16
10 3 16
10 13 16
10 24 16
10 27 16
10 29 16
10 42 16
10 48 16
11 5 16
11 12 16
11 33 16
11 36 16
11 44 16
12 20 16
13 17 16
13 27 16
13 38 16
13 40 16
13 47 16
14 3 16
14 4 16
14 7 16
14 12 16
14 17 16
14 21 16
14 25 16
14 26 16
14 33 16
14 34 16
14 38 16
14 44 16
14 48 16
15 8 16
15 14 16
15 20 16
15 27 16
15 33 16
15 35 16
15 46 16
16 32 16
17 1 16
17 2 16
17 4 16
17 10 16
17 25 16
17 43 16
17 56 16
17 57 16
17 65 16
18 0 16
18 1 16
18 2 16
18 5 16
18 9 16
18 15 16
18 17 16
18 19 16
18 24 16
18 31 16
18 44 16
18 57 16
20 17 16
20 39 16
21 0 16
21 15 16
21 18 16
21 35 16
21 45 16
21 55 16
22 0 16
22 12 16
22 38 16
23 0 16
23 9 16
24 0 16
24 2 16
24 8 16
24 13 16
24 24 16
24 49 16
24 52 16
24 53 16
24 66 16
24 69 16
24 77 16
24 83 16
25 6 16
25 11 16
25 25 16
25 29 16
25 38 16
25 50 16
25 53 16
26 0 16
26 7 16
26 31 16
26 45 16
27 0 16
27 6 16
28 0 16
28 6 16
28 21 16
28 72 16
30 52 16
32 4 16
32 9 16
32 12 16
32 15 16
32 19 16
32 21 16
32 22 16
32 24 16
32 26 16
32 27 16
32 28 16
32 29 16
32 31 16
32 32 16
32 35 16
32 40 16
32 42 16
32 44 16
32 45 16
32 46 16
32 47 16
32 48 16
32 51 16
32 53 16
32 57 16
33 2 16
33 3 16
33 5 16
33 6 16
33 7 16
33 9 16
33 11 16
33 12 16
33 13 16
33 15 16
33 19 16
33 20 16
33 25 16
33 27 16
33 28 16
33 29 16
33 30 16
33 31 16
33 33 16
33 36 16
33 38 16
33 40 16
33 41 16
33 43 16
33 44 16
33 45 16
33 47 16
34 21 16
34 30 16
34 31 16
34 33 16
34 44 16
35 0 16
35 1 16
35 3 16
35 5 16
35 7 16
35 9 16
35 10 16
35 12 16
35 14 16
35 16 16
35 17 16
35 19 16
35 20 16
35 21 16
35 22 16
35 23 16
35 24 16
35 26 16
35 27 16
35 28 16
35 29 16
35 30 16
35 31 16
35 32 16
35 34 16
35 36 16
35 37 16
35 38 16
35 40 16
35 42 16
35 46 16
36 0 16
36 1 16
36 2 16
36 3 16
36 4 16
36 5 16
36 7 16
36 8 16
36 10 16
36 11 16
36 13 16
36 14 16
36 15 16
36 16 16
36 18 16
36 19 16
36 22 16
36 23 16
36 24 16
36 27 16
36 28 16
36 29 16
36 31 16
36 32 16
36 35 16
36 37 16
36 38 16
36 39 16
36 40 16
36 41 16
36 43 16
36 44 16
36 46 16
37 0 16
37 3 16
37 5 16
37 6 16
37 7 16
37 8 16
37 10 16
37 15 16
37 17 16
37 20 16
37 21 16
37 22 16
37 23 16
37 25 16
37 29 16
37 30 16
37 31 16
37 32 16
37 34 16
37 36 16
37 37 16
37 38 16
37 39 16
37 41 16
37 43 16
37 44 16
37 45 16
37 47 16
38 0 16
38 1 16
38 2 16
38 3 16
38 4 16
38 6 16
38 7 16
38 8 16
38 10 16
38 11 16
38 14 16
38 15 16
38 16 16
38 18 16
38 20 16
38 21 16
38 22 16
38 23 16
38 24 16
38 26 16
38 27 16
38 29 16
38 30 16
38 31 16
38 33 16
38 34 16
38 35 16
38 36 16
38 37 16
38 38 16
38 39 16
38 40 16
38 41 16
38 44 16
38 46 16
38 47 16
39 0 16
39 1 16
39 5 16
39 8 16
39 13 16
39 22 16
39 23 16
39 24 16
39 25 16
39 29 16
39 30 16
39 32 16
39 34 16
39 39 16
39 41 16
39 43 16
40 0 16
40 2 16
40 3 16
40 6 16
40 8 16
40 9 16
40 10 16
40 12 16
40 13 16
40 20 16
40 22 16
40 23 16
40 24 16
40 26 16
40 27 16
40 29 16
40 31 16
40 33 16
40 35 16
40 39 16
40 41 16
40 42 16
40 43 16
40 44 16
40 46 16
41 2 16
41 7 16
41 11 16
41 15 16
41 18 16
41 19 16
41 26 16
41 27 16
41 31 16
41 36 16
41 37 16
41 39 16
41 41 16
41 42 16
41 43 16
42 17 16
42 23 16
42 35 16
43 0 16
43 2 16
43 11 16
43 12 16
43 25 16
43 31 16
43 32 16
43 34 16
43 35 16
43 37 16
43 38 16
43 47 16
44 5 16
44 34 16
44 42 16
45 25 16
46 11 16
46 13 16
46 21 16
46 44 16
47 18 16
47 24 16
48 1 16
48 17 16
48 20 16
48 21 16
48 22 16
48 23 16
48 25 16
48 30 16
48 42 16
49 4 16
49 17 16
49 19 16
49 27 16
49 33 16
49 35 16
49 44 16
52 0 16
52 11 16
52 15 16
52 24 16
53 6 16
53 13 16
54 2 16
54 11 16
54 15 16
54 32 16
56 7 16
56 9 16
56 14 16
56 17 16
56 32 16
56 34 16
56 36 16
56 38 16
56 43 16
57 12 16
57 23 16
57 26 16
60 3 16
60 20 16
60 22 16
60 24 16
61 3 16
61 9 16
61 12 16
61 14 16
61 25 16
62 1 16
62 3 16
62 5 16
62 6 16
62 12 16
62 13 16
62 14 16
62 19 16
62 20 16
62 21 16
62 22 16
62 28 16
63 25 16
64 1 16
64 2 16
64 3 16
64 4 16
64 8 16
64 9 16
64 11 16
64 15 16
64 18 16
64 29 16
65 17 16
65 21 16
66 2 16
66 7 16
66 20 16
66 25 16
67 0 16
67 1 16
67 8 16
67 21 16
67 28 16
69 3 16
69 21 16
69 23 16
70 6 16
71 9 16
71 15 16
71 18 16
71 29 16
72 3 16
72 15 16
72 18 16
72 20 16
72 23 16
73 14 16
73 21 16
73 23 16
73 27 16
74 4 16
74 22 16
74 25 16
74 28 16
75 2 16
75 18 16
75 20 16
75 22 16
75 24 16
76 11 16
76 22 16
76 25 16
77 2 16
79 3 16
79 12 16
79 27 16
80 3 16
80 4 16
80 5 16
80 8 16
80 10 16
80 11 16
80 14 16
80 20 16
80 22 16
81 1 16
81 3 16
81 5 16
81 8 16
81 10 16
81 12 16
81 14 16
81 15 16
81 16 16
81 19 16
81 20 16
81 23 16
81 24 16
81 25 16
81 26 16
81 29 16
82 1 16
82 3 16
82 17 16
82 21 16
82 29 16
83 0 16
83 15 16
84 8 16
84 9 16
84 10 16
84 13 16
84 15 16
84 20 16
84 22 16
84 24 16
84 27 16
85 23 16
86 26 16
87 13 16
87 25 16
0 0 18
0 3 18
0 14 18
0 29 18
0 39 18
0 51 18
0 56 18
1 3 18
1 4 18
1 9 18
1 10 18
1 20 18
2 2 18
2 29 18
3 11 18
3 14 18
4 23 18
4 33 18
4 35 18
4 37 18
4 40 18
5 2 18
5 14 18
5 36 18
5 51 18
5 54 18
5 56 18
5 57 18
6 2 18
6 3 18
6 4 18
6 14 18
6 20 18
6 31 18
6 33 18
6 40 18
6 41 18
6 42 18
6 44 18
6 46 18
6 47 18
6 51 18
6 56 18
6 57 18
7 14 18
7 21 18
7 46 18
8 5 18
8 10 18
8 29 18
8 34 18
8 36 18
9 3 18
9 21 18
9 24 18
10 3 18
10 10 18
10 13 18
10 16 18
10 21 18
10 24 18
10 27 18
10 29 18
10 37 18
10 38 18
10 42 18
10 48 18
12 20 18
12 29 18
13 14 18
13 16 18
13 27 18
13 47 18
14 3 18
14 4 18
14 5 18
14 7 18
14 12 18
14 16 18
14 17 18
14 20 18
14 21 18
14 26 18
14 33 18
14 38 18
14 45 18
15 12 18
15 23 18
15 27 18
15 39 18
15 46 18
16 25 18
16 35 18
16 47 18
17 1 18
17 2 18
17 15 18
17 24 18
17 25 18
17 57 18
17 65 18
18 0 18
18 1 18
18 9 18
18 10 18
18 15 18
18 37 18
18 51 18
18 57 18
20 17 18
21 22 18
22 0 18
22 6 18
22 38 18
23 0 18
23 1 18
23 4 18
23 5 18
23 6 18
23 9 18
23 12 18
23 13 18
23 17 18
23 22 18
23 28 18
23 33 18
23 36 18
23 37 18
23 40 18
23 42 18
23 43 18
23 46 18
24 0 18
24 2 18
24 19 18
24 66 18
24 67 18
24 68 18
24 77 18
24 84 18
25 6 18
25 11 18
25 15 18
25 22 18
25 26 18
25 38 18
25 50 18
25 53 18
25 59 18
26 0 18
26 9 18
26 24 18
26 34 18
26 37 18
27 0 18
27 21 18
28 0 18
28 11 18
28 24 18
28 26 18
28 49 18
30 49 18
32 3 18
32 4 18
32 7 18
32 9 18
32 12 18
32 18 18
32 19 18
32 21 18
32 25 18
32 29 18
32 34 18
32 35 18
32 40 18
32 41 18
32 42 18
32 45 18
32 48 18
32 53 18
32 57 18
33 0 18
33 2 18
33 3 18
33 5 18
33 6 18
33 7 18
33 9 18
33 11 18
33 12 18
33 13 18
33 15 18
33 19 18
33 20 18
33 23 18
33 25 18
33 26 18
33 27 18
33 28 18
33 29 18
33 30 18
33 31 18
33 36 18
33 38 18
33 40 18
33 44 18
33 45 18
33 46 18
33 47 18
34 17 18
34 29 18
34 30 18
34 31 18
35 0 18
35 1 18
35 3 18
35 5 18
35 7 18
35 9 18
35 10 18
35 12 18
35 13 18
35 14 18
35 17 18
35 19 18
35 20 18
35 22 18
35 23 18
35 24 18
35 26 18
35 28 18
35 29 18
35 30 18
35 31 18
35 32 18
35 36 18
35 40 18
35 42 18
35 44 18
35 46 18
36 0 18
36 1 18
36 2 18
36 3 18
36 4 18
36 5 18
36 7 18
36 8 18
36 10 18
36 11 18
36 13 18
36 14 18
36 15 18
36 16 18
36 17 18
36 18 18
36 19 18
36 20 18
36 22 18
36 23 18
36 25 18
36 27 18
36 28 18
36 29 18
36 31 18
36 32 18
36 34 18
36 35 18
36 37 18
36 38 18
36 39 18
36 40 18
36 41 18
36 42 18
36 43 18
36 44 18
36 45 18
36 46 18
37 0 18
37 5 18
37 6 18
37 7 18
37 8 18
37 10 18
37 15 18
37 17 18
37 20 18
37 21 18
37 22 18
37 23 18
37 25 18
37 29 18
37 30 18
37 31 18
37 33 18
37 36 18
37 37 18
37 39 18
37 41 18
37 43 18
37 45 18
37 46 18
37 47 18
38 0 18
38 1 18
38 3 18
38 4 18
38 5 18
38 6 18
38 7 18
38 9 18
38 11 18
38 13 18
38 14 18
38 15 18
38 16 18
38 17 18
38 18 18
38 20 18
38 22 18
38 23 18
38 24 18
38 26 18
38 27 18
38 29 18
38 30 18
38 31 18
38 32 18
38 34 18
38 35 18
38 36 18
38 38 18
38 40 18
38 41 18
38 44 18
38 45 18
38 46 18
38 47 18
39 0 18
39 1 18
39 4 18
39 5 18
39 8 18
39 12 18
39 13 18
39 23 18
39 25 18
39 26 18
39 29 18
39 36 18
39 37 18
39 39 18
39 41 18
39 43 18
39 44 18
40 0 18
40 1 18
40 2 18
40 3 18
40 5 18
40 6 18
40 8 18
40 9 18
40 10 18
40 12 18
40 17 18
40 18 18
40 20 18
40 22 18
40 23 18
40 26 18
40 27 18
40 29 18
40 31 18
40 32 18
40 33 18
40 34 18
40 35 18
40 39 18
40 41 18
40 42 18
40 43 18
40 44 18
40 45 18
40 46 18
40 47 18
41 0 18
41 7 18
41 18 18
41 20 18
41 25 18
41 26 18
41 27 18
41 29 18
41 31 18
41 33 18
41 35 18
41 37 18
41 42 18
41 44 18
42 23 18
42 35 18
43 0 18
43 1 18
43 2 18
43 5 18
43 7 18
43 11 18
43 12 18
43 15 18
43 16 18
43 25 18
43 27 18
43 29 18
43 31 18
43 34 18
43 35 18
43 37 18
43 38 18
43 39 18
43 44 18
43 47 18
44 5 18
44 7 18
44 26 18
44 34 18
44 36 18
44 37 18
44 42 18
45 21 18
46 13 18
46 15 18
46 21 18
46 23 18
46 40 18
46 44 18
48 17 18
48 20 18
48 22 18
48 23 18
48 42 18
49 35 18
50 15 18
50 27 18
52 10 18
52 22 18
52 36 18
52 44 18
53 6 18
53 15 18
53 22 18
54 2 18
54 15 18
54 23 18
56 1 18
56 8 18
56 14 18
56 17 18
56 23 18
56 36 18
56 38 18
57 23 18
60 20 18
60 22 18
60 24 18
60 27 18
60 28 18
61 0 18
61 12 18
61 13 18
61 14 18
61 15 18
61 17 18
61 21 18
61 23 18
61 25 18
62 1 18
62 5 18
62 6 18
62 7 18
62 9 18
62 12 18
62 14 18
62 16 18
62 19 18
62 20 18
62 21 18
62 22 18
62 29 18
63 8 18
64 2 18
64 3 18
64 4 18
64 8 18
64 9 18
64 11 18
64 12 18
64 16 18
64 17 18
64 19 18
64 21 18
64 24 18
64 27 18
64 29 18
66 2 18
66 7 18
66 14 18
66 16 18
66 20 18
66 24 18
66 25 18
66 28 18
67 1 18
67 15 18
67 19 18
67 21 18
68 18 18
69 21 18
69 23 18
69 26 18
70 4 18
71 6 18
71 9 18
71 22 18
72 3 18
72 9 18
72 18 18
72 20 18
72 23 18
72 27 18
72 29 18
74 1 18
74 7 18
74 11 18
74 16 18
74 22 18
74 28 18
75 8 18
75 12 18
75 20 18
75 26 18
75 29 18
76 5 18
76 11 18
76 12 18
76 19 18
76 25 18
77 0 18
77 23 18
77 24 18
78 5 18
79 15 18
80 2 18
80 3 18
80 5 18
80 8 18
80 11 18
80 12 18
80 14 18
80 20 18
81 0 18
81 5 18
81 7 18
81 10 18
81 12 18
81 23 18
81 24 18
81 25 18
81 29 18
82 0 18
82 1 18
82 3 18
82 11 18
82 13 18
82 15 18
82 21 18
83 10 18
83 15 18
83 22 18
83 24 18
83 26 18
83 27 18
84 0 18
84 1 18
84 13 18
84 19 18
84 20 18
84 21 18
84 22 18
84 24 18
84 27 18
86 18 18
86 26 18
87 17 18
0 2 20
0 3 20
0 14 20
0 21 20
0 29 20
0 30 20
0 36 20
0 39 20
0 51 20
1 3 20
1 4 20
1 9 20
1 20 20
2 2 20
2 26 20
2 28 20
3 14 20
3 48 20
4 15 20
4 20 20
4 23 20
4 35 20
4 37 20
4 40 20
5 2 20
5 5 20
5 18 20
5 27 20
5 34 20
5 36 20
5 46 20
5 51 20
5 52 20
5 57 20
6 14 20
6 23 20
6 24 20
6 33 20
6 35 20
6 37 20
6 47 20
6 56 20
6 57 20
7 0 20
7 14 20
7 46 20
8 0 20
8 3 20
8 10 20
8 31 20
8 33 20
8 36 20
9 0 20
9 3 20
9 21 20
9 24 20
9 47 20
9 48 20
10 14 20
10 20 20
10 27 20
10 38 20
10 39 20
11 10 20
11 46 20
12 20 20
12 29 20
12 47 20
13 5 20
13 11 20
13 17 20
13 20 20
13 29 20
13 47 20
14 3 20
14 4 20
14 7 20
14 10 20
14 11 20
14 13 20
14 16 20
14 26 20
14 33 20
14 38 20
14 39 20
14 45 20
15 22 20
15 37 20
15 46 20
16 10 20
16 20 20
16 40 20
16 47 20
17 0 20
17 2 20
17 15 20
17 25 20
17 63 20
18 10 20
18 37 20
19 36 20
19 44 20
20 17 20
20 48 20
21 18 20
22 0 20
22 6 20
22 15 20
23 0 20
23 2 20
23 6 20
23 20 20
23 21 20
23 31 20
24 2 20
24 18 20
24 19 20
24 42 20
24 51 20
24 67 20
24 75 20
24 77 20
24 78 20
24 80 20
25 8 20
25 9 20
25 32 20
25 33 20
25 34 20
25 40 20
25 44 20
25 45 20
25 48 20
25 50 20
25 52 20
26 0 20
26 15 20
26 21 20
27 18 20
28 0 20
28 42 20
28 43 20
28 49 20
28 61 20
28 73 20
29 23 20
32 4 20
32 12 20
32 18 20
32 19 20
32 42 20
32 48 20
32 50 20
33 1 20
33 2 20
33 3 20
33 5 20
33 6 20
33 7 20
33 11 20
33 12 20
33 13 20
33 15 20
33 19 20
33 20 20
33 22 20
33 23 20
33 25 20
33 26 20
33 27 20
33 28 20
33 29 20
33 30 20
33 31 20
33 36 20
33 37 20
33 38 20
33 40 20
33 43 20
33 45 20
33 46 20
33 47 20
34 7 20
34 10 20
34 11 20
34 29 20
34 43 20
35 0 20
35 1 20
35 5 20
35 9 20
35 10 20
35 12 20
35 14 20
35 15 20
35 17 20
35 19 20
35 20 20
35 21 20
35 24 20
35 28 20
35 29 20
35 30 20
35 32 20
35 36 20
35 42 20
35 43 20
35 44 20
35 45 20
35 46 20
36 1 20
36 2 20
36 3 20
36 4 20
36 5 20
36 7 20
36 8 20
36 9 20
36 10 20
36 12 20
36 13 20
36 14 20
36 15 20
36 16 20
36 17 20
36 18 20
36 19 20
36 20 20
36 21 20
36 22 20
36 23 20
36 25 20
36 27 20
36 28 20
36 29 20
36 30 20
36 31 20
36 32 20
36 34 20
36 35 20
36 37 20
36 38 20
36 39 20
36 40 20
36 41 20
36 42 20
36 43 20
36 44 20
36 45 20
36 46 20
36 47 20
37 0 20
37 2 20
37 5 20
37 6 20
37 7 20
37 9 20
37 10 20
37 13 20
37 14 20
37 15 20
37 17 20
37 20 20
37 21 20
37 22 20
37 23 20
37 25 20
37 30 20
37 31 20
37 33 20
37 37 20
37 39 20
37 41 20
37 43 20
37 45 20
37 46 20
37 47 20
38 0 20
38 3 20
38 4 20
38 6 20
38 7 20
38 8 20
38 10 20
38 12 20
38 13 20
38 14 20
38 15 20
38 16 20
38 17 20
38 18 20
38 22 20
38 23 20
38 26 20
38 27 20
38 30 20
38 31 20
38 32 20
38 35 20
38 36 20
38 38 20
38 40 20
38 41 20
38 43 20
38 44 20
38 45 20
39 4 20
39 8 20
39 9 20
39 13 20
39 25 20
39 29 20
39 36 20
39 37 20
39 41 20
39 43 20
39 44 20
39 46 20
40 0 20
40 1 20
40 3 20
40 5 20
40 8 20
40 9 20
40 10 20
40 14 20
40 18 20
40 20 20
40 21 20
40 22 20
40 23 20
40 26 20
40 29 20
40 31 20
40 32 20
40 39 20
40 40 20
40 42 20
40 43 20
40 44 20
40 45 20
40 46 20
40 47 20
41 0 20
41 3 20
41 7 20
41 10 20
41 11 20
41 12 20
41 18 20
41 20 20
41 25 20
41 26 20
41 27 20
41 29 20
41 30 20
41 31 20
41 33 20
41 35 20
41 42 20
41 44 20
42 16 20
42 35 20
42 40 20
43 0 20
43 1 20
43 2 20
43 4 20
43 5 20
43 7 20
43 11 20
43 12 20
43 15 20
43 19 20
43 23 20
43 24 20
43 25 20
43 27 20
43 29 20
43 31 20
43 34 20
43 35 20
43 37 20
43 38 20
43 39 20
43 40 20
43 44 20
43 45 20
43 47 20
44 2 20
44 7 20
44 11 20
44 16 20
44 19 20
44 22 20
44 26 20
44 34 20
44 36 20
44 40 20
44 42 20
45 21 20
46 2 20
46 11 20
46 15 20
46 21 20
46 26 20
46 27 20
46 40 20
46 44 20
48 17 20
48 20 20
48 27 20
48 42 20
49 12 20
49 34 20
50 15 20
50 16 20
50 35 20
52 12 20
52 18 20
52 44 20
53 15 20
53 37 20
53 43 20
54 2 20
54 15 20
55 44 20
56 1 20
56 14 20
56 17 20
56 38 20
57 11 20
57 21 20
57 23 20
57 36 20
60 20 20
60 22 20
60 24 20
61 5 20
61 13 20
61 14 20
61 23 20
62 0 20
62 1 20
62 5 20
62 6 20
62 9 20
62 12 20
62 14 20
62 16 20
62 19 20
62 20 20
62 21 20
62 22 20
64 0 20
64 2 20
64 3 20
64 4 20
64 9 20
64 11 20
64 12 20
64 13 20
64 16 20
64 17 20
64 19 20
64 24 20
64 27 20
64 29 20
65 5 20
65 9 20
65 10 20
65 24 20
66 2 20
66 10 20
66 16 20
66 26 20
66 28 20
67 1 20
67 19 20
67 21 20
67 22 20
67 25 20
70 21 20
71 6 20
71 12 20
71 16 20
71 25 20
72 2 20
72 9 20
72 11 20
72 13 20
72 14 20
72 16 20
72 23 20
72 27 20
72 29 20
73 3 20
73 6 20
73 12 20
73 17 20
74 7 20
74 14 20
74 16 20
74 19 20
74 28 20
75 0 20
75 3 20
75 8 20
75 9 20
75 20 20
75 21 20
75 23 20
75 28 20
75 29 20
76 5 20
76 9 20
77 0 20
77 23 20
77 24 20
77 25 20
79 13 20
80 5 20
80 8 20
80 14 20
80 20 20
80 21 20
81 0 20
81 5 20
81 10 20
81 12 20
81 25 20
81 27 20
82 1 20
82 6 20
82 11 20
82 12 20
82 15 20
83 15 20
83 21 20
83 22 20
83 24 20
83 25 20
84 0 20
84 1 20
84 14 20
84 20 20
84 22 20
84 23 20
84 25 20
84 27 20
84 29 20
85 2 20
85 14 20
86 12 20
86 18 20
86 26 20
87 17 20
0 2 22
0 14 22
0 17 22
0 36 22
0 39 22
0 41 22
0 48 22
0 51 22
1 3 22
1 4 22
1 9 22
1 20 22
2 26 22
3 0 22
3 8 22
3 10 22
3 13 22
3 14 22
3 16 22
3 18 22
3 20 22
3 27 22
3 30 22
3 31 22
3 33 22
3 47 22
3 48 22
3 57 22
4 52 22
5 2 22
5 6 22
5 27 22
5 38 22
5 40 22
5 41 22
5 51 22
6 9 22
6 14 22
6 20 22
6 29 22
6 34 22
6 36 22
6 47 22
6 48 22
6 51 22
6 57 22
7 0 22
7 46 22
8 0 22
8 3 22
8 10 22
8 36 22
9 3 22
9 5 22
9 35 22
9 47 22
9 48 22
10 10 22
10 14 22
10 38 22
11 26 22
12 13 22
12 19 22
13 5 22
13 17 22
13 20 22
13 46 22
14 3 22
14 13 22
14 33 22
14 43 22
15 37 22
15 40 22
15 46 22
16 24 22
16 37 22
16 40 22
17 0 22
17 15 22
17 50 22
17 59 22
18 10 22
18 16 22
18 17 22
18 24 22
18 35 22
18 37 22
18 44 22
19 1 22
19 4 22
19 5 22
19 8 22
19 9 22
19 10 22
19 19 22
19 21 22
19 23 22
19 28 22
19 29 22
19 30 22
19 31 22
19 32 22
19 33 22
19 37 22
19 38 22
19 43 22
19 44 22
20 11 22
20 12 22
20 18 22
21 18 22
22 0 22
22 15 22
22 29 22
23 0 22
23 7 22
23 35 22
24 5 22
24 13 22
24 18 22
24 20 22
24 39 22
24 41 22
24 49 22
24 50 22
24 77 22
25 8 22
25 9 22
25 10 22
25 12 22
25 32 22
25 35 22
25 48 22
25 58 22
25 61 22
26 0 22
26 11 22
26 21 22
26 26 22
26 30 22
27 0 22
28 0 22
28 27 22
28 42 22
28 44 22
28 49 22
28 56 22
28 58 22
30 0 22
30 41 22
30 59 22
31 0 22
32 18 22
32 35 22
32 42 22
32 46 22
33 1 22
33 3 22
33 5 22
33 6 22
33 7 22
33 11 22
33 12 22
33 15 22
33 19 22
33 20 22
33 22 22
33 23 22
33 24 22
33 26 22
33 27 22
33 28 22
33 29 22
33 30 22
33 31 22
33 32 22
33 36 22
33 37 22
33 38 22
33 40 22
33 43 22
34 43 22
35 1 22
35 2 22
35 5 22
35 9 22
35 10 22
35 13 22
35 14 22
35 15 22
35 17 22
35 21 22
35 28 22
35 29 22
35 37 22
35 41 22
35 42 22
35 43 22
35 45 22
36 2 22
36 3 22
36 4 22
36 7 22
36 8 22
36 9 22
36 10 22
36 12 22
36 13 22
36 14 22
36 15 22
36 16 22
36 18 22
36 19 22
36 20 22
36 21 22
36 23 22
36 25 22
36 28 22
36 29 22
36 30 22
36 31 22
36 32 22
36 35 22
36 37 22
36 38 22
36 39 22
36 40 22
36 41 22
36 42 22
36 43 22
36 44 22
36 45 22
36 46 22
37 0 22
37 2 22
37 5 22
37 7 22
37 10 22
37 13 22
37 14 22
37 15 22
37 17 22
37 19 22
37 20 22
37 21 22
37 22 22
37 23 22
37 25 22
37 26 22
37 29 22
37 30 22
37 31 22
37 32 22
37 37 22
37 41 22
37 43 22
37 45 22
37 46 22
37 47 22
38 3 22
38 4 22
38 5 22
38 6 22
38 7 22
38 8 22
38 10 22
38 12 22
38 13 22
38 14 22
38 15 22
38 16 22
38 17 22
38 18 22
38 20 22
38 22 22
38 23 22
38 26 22
38 27 22
38 30 22
38 31 22
38 32 22
38 33 22
38 35 22
38 36 22
38 37 22
38 38 22
38 40 22
38 41 22
38 43 22
38 44 22
38 45 22
38 46 22
39 0 22
39 1 22
39 4 22
39 6 22
39 8 22
39 9 22
39 13 22
39 17 22
39 19 22
39 23 22
39 24 22
39 25 22
39 29 22
39 36 22
39 37 22
39 41 22
39 43 22
39 44 22
40 0 22
40 1 22
40 3 22
40 4 22
40 5 22
40 6 22
40 7 22
40 8 22
40 9 22
40 10 22
40 11 22
40 13 22
40 14 22
40 18 22
40 21 22
40 23 22
40 26 22
40 28 22
40 29 22
40 31 22
40 32 22
40 36 22
40 38 22
40 39 22
40 40 22
40 42 22
40 43 22
40 44 22
40 45 22
40 46 22
40 47 22
41 3 22
41 10 22
41 11 22
41 15 22
41 18 22
41 20 22
41 23 22
41 25 22
41 27 22
41 30 22
41 31 22
41 35 22
41 42 22
41 43 22
41 44 22
41 45 22
42 8 22
42 16 22
42 17 22
42 35 22
43 15 22
43 24 22
43 27 22
43 29 22
43 35 22
43 39 22
44 2 22
44 7 22
44 10 22
44 13 22
44 22 22
44 23 22
44 26 22
44 29 22
44 31 22
44 34 22
44 38 22
44 39 22
44 42 22
44 44 22
44 47 22
45 21 22
46 7 22
46 11 22
46 21 22
46 26 22
46 27 22
46 44 22
48 17 22
48 27 22
48 33 22
48 42 22
49 22 22
49 42 22
52 1 22
52 11 22
52 15 22
52 18 22
53 15 22
53 16 22
53 31 22
53 37 22
53 43 22
54 14 22
56 5 22
56 8 22
56 14 22
56 17 22
56 35 22
56 38 22
56 46 22
56 47 22
57 7 22
57 21 22
57 36 22
57 43 22
58 36 22
60 0 22
60 15 22
60 22 22
61 5 22
61 14 22
61 21 22
61 27 22
62 0 22
62 1 22
62 6 22
62 9 22
62 12 22
62 14 22
62 19 22
62 20 22
62 21 22
62 22 22
62 23 22
62 25 22
62 27 22
62 28 22
64 2 22
64 3 22
64 4 22
64 5 22
64 9 22
64 11 22
64 12 22
64 13 22
64 16 22
64 17 22
64 19 22
64 27 22
64 29 22
66 15 22
66 16 22
66 23 22
66 28 22
66 29 22
67 5 22
67 21 22
67 22 22
67 24 22
68 5 22
69 9 22
70 20 22
70 21 22
70 25 22
71 6 22
71 15 22
71 16 22
71 17 22
72 2 22
72 16 22
72 23 22
72 28 22
72 29 22
73 3 22
73 4 22
73 6 22
73 17 22
73 24 22
74 10 22
74 16 22
74 19 22
74 28 22
75 0 22
75 9 22
75 20 22
75 29 22
76 9 22
76 24 22
77 0 22
77 12 22
77 15 22
77 20 22
77 23 22
77 25 22
77 28 22
80 5 22
80 14 22
81 2 22
81 25 22
81 27 22
82 1 22
82 5 22
82 13 22
82 24 22
83 0 22
83 10 22
83 13 22
83 21 22
83 22 22
83 24 22
84 0 22
84 2 22
84 14 22
84 20 22
84 22 22
84 25 22
84 26 22
84 28 22
86 14 22
86 18 22
87 10 22
87 17 22
87 21 22
0 14 24
0 17 24
0 24 24
0 33 24
0 36 24
0 39 24
0 41 24
0 46 24
0 48 24
0 51 24
1 4 24
1 9 24
1 20 24
2 5 24
2 21 24
2 26 24
3 0 24
3 7 24
3 8 24
3 9 24
3 10 24
3 16 24
3 19 24
3 23 24
3 27 24
3 28 24
3 30 24
3 31 24
3 33 24
3 35 24
3 36 24
3 38 24
3 47 24
3 48 24
3 55 24
3 56 24
3 57 24
4 40 24
4 52 24
5 0 24
5 17 24
5 19 24
5 27 24
5 37 24
5 40 24
5 41 24
5 43 24
5 47 24
5 51 24
6 2 24
6 9 24
6 14 24
6 20 24
6 34 24
6 35 24
6 36 24
6 37 24
6 47 24
6 51 24
6 57 24
7 46 24
8 0 24
8 10 24
9 5 24
9 16 24
9 18 24
9 33 24
9 48 24
10 3 24
10 10 24
10 19 24
11 8 24
11 26 24
12 5 24
12 10 24
12 13 24
12 19 24
12 37 24
13 14 24
14 3 24
14 5 24
14 10 24
14 13 24
14 20 24
14 22 24
14 27 24
14 33 24
14 43 24
14 48 24
15 10 24
15 35 24
15 38 24
15 46 24
16 40 24
17 15 24
17 18 24
17 50 24
18 5 24
18 10 24
18 13 24
18 44 24
18 57 24
19 1 24
19 3 24
19 4 24
19 7 24
19 9 24
19 10 24
19 19 24
19 21 24
19 23 24
19 28 24
19 30 24
19 32 24
19 33 24
19 35 24
19 37 24
19 38 24
19 42 24
20 16 24
20 29 24
20 46 24
23 0 24
24 0 24
24 18 24
24 21 24
24 23 24
24 55 24
24 59 24
25 9 24
25 11 24
25 18 24
25 20 24
25 21 24
25 31 24
25 32 24
25 36 24
25 48 24
25 49 24
25 53 24
25 56 24
25 58 24
25 60 24
26 30 24
28 1 24
28 8 24
28 29 24
28 42 24
28 44 24
28 46 24
28 56 24
29 27 24
30 0 24
30 19 24
31 0 24
32 6 24
32 18 24
32 43 24
32 46 24
32 57 24
33 5 24
33 6 24
33 7 24
33 11 24
33 12 24
33 14 24
33 15 24
33 16 24
33 19 24
33 20 24
33 22 24
33 24 24
33 26 24
33 27 24
33 28 24
33 29 24
33 30 24
33 31 24
33 32 24
33 36 24
33 37 24
33 38 24
33 46 24
34 30 24
34 44 24
35 3 24
35 5 24
35 6 24
35 10 24
35 14 24
35 15 24
35 21 24
35 25 24
35 28 24
35 29 24
35 37 24
35 41 24
35 42 24
36 3 24
36 4 24
36 6 24
36 7 24
36 8 24
36 9 24
36 10 24
36 14 24
36 15 24
36 16 24
36 17 24
36 18 24
36 19 24
36 21 24
36 22 24
36 23 24
36 25 24
36 26 24
36 28 24
36 29 24
36 30 24
36 31 24
36 32 24
36 35 24
36 36 24
36 37 24
36 38 24
36 40 24
36 41 24
36 42 24
36 43 24
36 44 24
36 45 24
36 46 24
36 47 24
37 0 24
37 1 24
37 5 24
37 7 24
37 8 24
37 10 24
37 13 24
37 14 24
37 15 24
37 17 24
37 19 24
37 21 24
37 22 24
37 23 24
37 25 24
37 26 24
37 29 24
37 30 24
37 31 24
37 32 24
37 37 24
37 41 24
37 43 24
37 45 24
37 46 24
37 47 24
38 1 24
38 2 24
38 3 24
38 4 24
38 5 24
38 6 24
38 7 24
38 8 24
38 9 24
38 10 24
38 11 24
38 12 24
38 13 24
38 14 24
38 15 24
38 16 24
38 18 24
38 20 24
38 21 24
38 22 24
38 23 24
38 26 24
38 28 24
38 29 24
38 30 24
38 31 24
38 32 24
38 33 24
38 34 24
38 35 24
38 36 24
38 37 24
38 38 24
38 39 24
38 40 24
38 41 24
38 42 24
38 43 24
38 44 24
38 45 24
38 46 24
38 47 24
39 0 24
39 1 24
39 4 24
39 5 24
39 6 24
39 8 24
39 9 24
39 13 24
39 17 24
39 18 24
39 19 24
39 21 24
39 23 24
39 24 24
39 25 24
39 29 24
39 34 24
39 36 24
39 37 24
39 41 24
39 43 24
39 44 24
40 5 24
40 9 24
40 18 24
40 24 24
40 27 24
40 28 24
40 29 24
40 30 24
40 31 24
40 41 24
40 43 24
40 44 24
41 1 24
41 2 24
41 4 24
41 10 24
41 11 24
41 17 24
41 18 24
41 19 24
41 20 24
41 23 24
41 25 24
41 27 24
41 29 24
41 30 24
41 31 24
41 33 24
41 40 24
41 42 24
41 43 24
41 44 24
42 12 24
42 17 24
42 24 24
42 32 24
42 35 24
42 46 24
43 43 24
44 3 24
44 7 24
44 10 24
44 11 24
44 12 24
44 13 24
44 22 24
44 23 24
44 26 24
44 29 24
44 31 24
44 34 24
44 38 24
44 39 24
44 42 24
44 43 24
44 44 24
44 47 24
45 21 24
46 8 24
46 15 24
46 21 24
46 26 24
46 38 24
46 44 24
48 5 24
48 27 24
48 42 24
49 16 24
52 23 24
53 6 24
53 22 24
53 31 24
53 37 24
53 43 24
54 44 24
56 5 24
56 12 24
56 13 24
56 14 24
56 23 24
56 31 24
56 33 24
56 35 24
56 38 24
56 42 24
56 43 24
56 47 24
57 43 24
57 46 24
58 36 24
60 11 24
60 22 24
61 4 24
61 5 24
61 6 24
61 14 24
61 27 24
62 0 24
62 1 24
62 2 24
62 4 24
62 12 24
62 14 24
62 19 24
62 20 24
62 22 24
62 23 24
62 25 24
62 26 24
62 27 24
62 28 24
63 7 24
63 16 24
64 2 24
64 4 24
64 5 24
64 6 24
64 8 24
64 9 24
64 10 24
64 11 24
64 12 24
64 16 24
64 17 24
64 19 24
64 27 24
64 29 24
66 0 24
66 1 24
66 15 24
66 16 24
66 22 24
66 27 24
66 29 24
67 2 24
67 15 24
67 21 24
67 22 24
67 24 24
68 21 24
68 24 24
69 21 24
69 24 24
70 14 24
70 15 24
70 17 24
70 21 24
70 24 24
71 6 24
71 14 24
71 16 24
71 17 24
72 2 24
72 5 24
72 10 24
72 16 24
72 19 24
72 22 24
72 28 24
72 29 24
73 7 24
74 2 24
74 5 24
74 7 24
74 12 24
74 21 24
74 26 24
75 0 24
75 9 24
75 10 24
75 16 24
75 27 24
75 29 24
76 5 24
76 13 24
76 20 24
76 21 24
76 23 24
76 26 24
77 0 24
77 12 24
77 15 24
77 28 24
77 29 24
78 10 24
78 14 24
80 2 24
80 13 24
80 14 24
80 18 24
81 6 24
81 17 24
81 18 24
81 21 24
81 27 24
82 1 24
82 2 24
82 5 24
82 7 24
82 16 24
82 22 24
83 10 24
83 15 24
83 21 24
83 22 24
84 0 24
84 1 24
84 2 24
84 14 24
84 22 24
84 26 24
84 28 24
86 14 24
87 10 24
87 21 24
87 22 24
0 14 26
0 17 26
0 23 26
0 24 26
0 33 26
0 35 26
0 36 26
0 38 26
0 39 26
0 40 26
0 41 26
0 47 26
0 48 26
0 51 26
1 3 26
1 4 26
1 9 26
1 20 26
2 5 26
2 21 26
3 0 26
3 7 26
3 8 26
3 10 26
3 15 26
3 19 26
3 23 26
3 27 26
3 28 26
3 30 26
3 31 26
3 33 26
3 38 26
3 41 26
3 47 26
4 40 26
4 52 26
5 0 26
5 3 26
5 8 26
5 14 26
5 17 26
5 19 26
5 26 26
5 33 26
5 37 26
5 47 26
6 2 26
6 9 26
6 14 26
6 20 26
6 23 26
6 36 26
6 37 26
6 39 26
6 41 26
6 51 26
6 57 26
9 5 26
9 18 26
9 33 26
9 48 26
10 10 26
10 24 26
11 24 26
11 26 26
11 46 26
12 13 26
12 25 26
12 43 26
12 46 26
13 14 26
14 3 26
14 5 26
14 10 26
14 13 26
14 26 26
14 43 26
14 45 26
14 47 26
15 7 26
15 8 26
15 10 26
15 27 26
15 35 26
15 38 26
15 46 26
16 8 26
16 39 26
17 15 26
17 27 26
17 34 26
17 50 26
18 5 26
18 13 26
18 18 26
18 21 26
18 30 26
18 44 26
18 49 26
18 57 26
19 14 26
19 17 26
20 0 26
20 16 26
20 36 26
21 36 26
23 0 26
24 11 26
24 18 26
24 23 26
24 27 26
24 61 26
24 72 26
25 1 26
25 9 26
25 18 26
25 21 26
25 24 26
25 32 26
25 44 26
25 47 26
25 53 26
25 54 26
25 56 26
25 58 26
25 59 26
26 24 26
27 40 26
28 0 26
28 1 26
28 8 26
28 11 26
28 20 26
28 29 26
28 32 26
28 34 26
28 42 26
28 46 26
28 50 26
28 53 26
28 58 26
28 61 26
28 66 26
29 15 26
29 27 26
29 39 26
29 41 26
30 0 26
30 47 26
31 0 26
31 39 26
32 6 26
32 19 26
33 1 26
33 3 26
33 5 26
33 6 26
33 7 26
33 11 26
33 12 26
33 16 26
33 19 26
33 20 26
33 22 26
33 24 26
33 26 26
33 27 26
33 28 26
33 29 26
33 30 26
33 31 26
33 32 26
33 33 26
33 36 26
33 40 26
33 45 26
34 23 26
34 29 26
34 30 26
34 36 26
34 44 26
35 3 26
35 6 26
35 10 26
35 14 26
35 15 26
35 18 26
35 19 26
35 25 26
35 29 26
35 37 26
35 42 26
36 1 26
36 3 26
36 6 26
36 7 26
36 8 26
36 9 26
36 10 26
36 12 26
36 14 26
36 15 26
36 16 26
36 18 26
36 19 26
36 20 26
36 21 26
36 22 26
36 25 26
36 26 26
36 28 26
36 29 26
36 30 26
36 31 26
36 32 26
36 33 26
36 35 26
36 36 26
36 37 26
36 38 26
36 40 26
36 41 26
36 42 26
36 43 26
36 45 26
36 46 26
36 47 26
37 0 26
37 1 26
37 5 26
37 7 26
37 8 26
37 10 26
37 13 26
37 14 26
37 15 26
37 17 26
37 19 26
37 21 26
37 22 26
37 23 26
37 26 26
37 29 26
37 30 26
37 31 26
37 32 26
37 37 26
37 41 26
37 43 26
37 46 26
37 47 26
38 1 26
38 2 26
38 3 26
38 4 26
38 5 26
38 6 26
38 7 26
38 8 26
38 9 26
38 10 26
38 11 26
38 12 26
38 14 26
38 15 26
38 16 26
38 18 26
38 19 26
38 20 26
38 21 26
38 22 26
38 23 26
38 24 26
38 25 26
38 26 26
38 28 26
38 29 26
38 30 26
38 31 26
38 32 26
38 33 26
38 34 26
38 35 26
38 36 26
38 37 26
38 38 26
38 39 26
38 40 26
38 41 26
38 42 26
38 43 26
38 44 26
38 45 26
38 46 26
38 47 26
39 0 26
39 1 26
39 2 26
39 4 26
39 5 26
39 8 26
39 9 26
39 13 26
39 17 26
39 19 26
39 21 26
39 23 26
39 24 26
39 29 26
39 41 26
39 43 26
39 44 26
40 2 26
40 18 26
40 29 26
40 31 26
40 34 26
40 44 26
41 0 26
41 2 26
41 3 26
41 4 26
41 5 26
41 9 26
41 10 26
41 11 26
41 16 26
41 17 26
41 18 26
41 19 26
41 20 26
41 24 26
41 25 26
41 27 26
41 28 26
41 29 26
41 31 26
41 33 26
41 40 26
41 41 26
41 42 26
41 43 26
41 44 26
42 7 26
42 17 26
42 35 26
42 38 26
43 24 26
43 43 26
44 3 26
44 6 26
44 7 26
44 10 26
44 12 26
44 16 26
44 18 26
44 19 26
44 20 26
44 22 26
44 23 26
44 26 26
44 27 26
44 34 26
44 36 26
44 39 26
44 40 26
44 43 26
44 44 26
44 46 26
44 47 26
45 21 26
46 11 26
46 15 26
46 21 26
46 23 26
46 24 26
46 35 26
46 38 26
46 44 26
47 26 26
48 5 26
48 20 26
48 27 26
48 35 26
48 36 26
48 42 26
52 8 26
52 23 26
53 43 26
54 44 26
56 5 26
56 12 26
56 14 26
56 17 26
56 23 26
56 24 26
56 26 26
56 31 26
56 33 26
56 38 26
56 47 26
57 2 26
57 41 26
58 36 26
59 22 26
60 29 26
61 2 26
61 4 26
61 13 26
61 14 26
61 25 26
62 10 26
62 12 26
62 14 26
62 19 26
62 20 26
62 23 26
62 25 26
62 26 26
62 27 26
63 13 26
63 16 26
64 2 26
64 4 26
64 5 26
64 6 26
64 8 26
64 11 26
64 16 26
64 17 26
64 19 26
64 22 26
64 26 26
64 27 26
64 29 26
66 4 26
66 15 26
66 16 26
66 21 26
66 27 26
67 2 26
67 21 26
67 27 26
68 21 26
69 8 26
69 21 26
70 3 26
70 14 26
70 24 26
70 26 26
71 6 26
71 10 26
71 16 26
71 19 26
71 20 26
72 2 26
72 16 26
72 21 26
72 22 26
72 25 26
72 26 26
72 28 26
74 2 26
74 5 26
74 11 26
74 21 26
74 26 26
75 0 26
75 6 26
75 10 26
75 14 26
75 27 26
76 3 26
76 4 26
76 14 26
76 17 26
76 23 26
76 26 26
77 0 26
77 12 26
77 16 26
77 21 26
77 22 26
77 28 26
77 29 26
78 2 26
78 10 26
78 14 26
78 21 26
79 14 26
79 15 26
80 14 26
80 18 26
80 19 26
81 5 26
81 6 26
81 17 26
81 21 26
81 23 26
81 27 26
82 2 26
82 7 26
82 8 26
82 16 26
82 18 26
83 3 26
83 4 26
83 21 26
83 22 26
84 0 26
84 1 26
84 12 26
84 16 26
84 18 26
84 22 26
85 14 26
85 28 26
86 14 26
86 18 26
87 2 26
87 22 26
