0 6 0
0 21 0
0 29 0
0 46 0
2 35 0
3 47 0
4 4 0
4 6 0
4 24 0
4 29 0
4 30 0
4 37 0
4 45 0
4 47 0
4 49 0
5 29 0
5 46 0
6 4 0
6 14 0
6 21 0
6 24 0
6 29 0
6 39 0
6 45 0
6 47 0
7 3 0
7 10 0
7 11 0
7 21 0
7 25 0
7 31 0
7 38 0
7 41 0
7 42 0
8 0 0
8 38 0
9 11 0
9 12 0
9 16 0
9 25 0
9 26 0
10 4 0
10 5 0
10 6 0
10 12 0
10 13 0
10 16 0
10 17 0
10 24 0
10 25 0
10 29 0
10 31 0
10 33 0
10 36 0
10 37 0
10 38 0
10 40 0
10 41 0
10 47 0
10 49 0
11 41 0
11 46 0
12 3 0
12 11 0
12 12 0
12 13 0
12 17 0
12 19 0
12 20 0
12 32 0
12 36 0
12 38 0
12 41 0
12 44 0
13 3 0
13 10 0
13 27 0
14 0 0
14 2 0
14 3 0
14 13 0
14 20 0
14 25 0
14 27 0
14 29 0
14 32 0
14 33 0
14 34 0
14 38 0
14 40 0
14 43 0
14 46 0
14 48 0
15 11 0
15 12 0
15 16 0
15 21 0
15 22 0
15 25 0
15 34 0
15 38 0
15 41 0
16 7 0
16 11 0
16 12 0
16 14 0
16 26 0
16 27 0
16 30 0
17 1 0
17 4 0
17 17 0
17 27 0
17 30 0
17 32 0
17 56 0
17 61 0
18 12 0
18 13 0
18 24 0
18 27 0
18 28 0
18 29 0
18 31 0
18 33 0
18 34 0
18 42 0
18 45 0
18 47 0
18 53 0
18 56 0
19 1 0
19 3 0
19 4 0
19 8 0
19 9 0
19 14 0
19 15 0
19 17 0
19 21 0
19 22 0
19 31 0
19 39 0
19 43 0
19 44 0
20 29 0
20 35 0
20 37 0
20 41 0
20 46 0
21 0 0
21 1 0
21 10 0
21 19 0
21 23 0
21 27 0
21 32 0
21 33 0
21 34 0
21 54 0
21 55 0
21 59 0
22 20 0
22 42 0
23 0 0
23 1 0
23 7 0
23 9 0
23 19 0
23 22 0
23 31 0
23 37 0
23 38 0
23 42 0
23 43 0
23 45 0
24 1 0
24 3 0
24 4 0
24 6 0
24 9 0
24 23 0
24 24 0
24 36 0
24 37 0
24 38 0
24 39 0
24 49 0
24 53 0
24 70 0
24 75 0
24 80 0
24 83 0
25 4 0
25 15 0
25 21 0
25 24 0
25 40 0
25 46 0
25 50 0
25 53 0
25 54 0
25 58 0
25 59 0
26 28 0
26 35 0
26 44 0
26 45 0
27 0 0
27 4 0
27 22 0
27 40 0
27 57 0
27 60 0
28 0 0
28 1 0
28 5 0
28 20 0
28 30 0
28 42 0
28 70 0
28 72 0
29 1 0
29 4 0
29 10 0
29 16 0
29 33 0
29 46 0
29 48 0
29 70 0
29 71 0
30 29 0
30 62 0
30 63 0
31 24 0
31 30 0
31 34 0
31 37 0
31 56 0
32 1 0
32 24 0
32 25 0
32 28 0
32 35 0
32 43 0
32 56 0
32 57 0
34 4 0
34 13 0
34 21 0
34 40 0
34 45 0
35 9 0
35 15 0
35 21 0
35 24 0
35 36 0
35 37 0
35 38 0
35 40 0
35 42 0
35 45 0
36 1 0
36 9 0
36 24 0
36 36 0
37 1 0
37 24 0
37 39 0
37 40 0
38 8 0
38 9 0
38 24 0
38 40 0
38 41 0
38 45 0
39 1 0
39 8 0
39 11 0
39 21 0
39 37 0
39 41 0
39 45 0
40 1 0
40 12 0
40 17 0
40 41 0
40 45 0
41 11 0
41 22 0
41 41 0
42 47 0
43 8 0
43 10 0
43 11 0
43 22 0
43 23 0
43 31 0
43 38 0
43 47 0
44 2 0
44 46 0
46 14 0
47 2 0
47 10 0
47 14 0
47 34 0
48 2 0
48 23 0
48 28 0
48 33 0
48 34 0
49 5 0
49 8 0
49 23 0
49 31 0
49 32 0
49 33 0
49 34 0
49 46 0
50 3 0
50 5 0
50 11 0
50 12 0
50 19 0
50 23 0
50 24 0
50 28 0
50 42 0
50 45 0
51 7 0
51 21 0
51 37 0
52 3 0
52 10 0
52 15 0
52 18 0
52 20 0
52 24 0
52 32 0
52 34 0
53 4 0
53 6 0
53 10 0
53 34 0
53 36 0
54 1 0
54 3 0
54 6 0
54 7 0
54 10 0
54 13 0
54 18 0
54 21 0
54 31 0
54 33 0
55 2 0
55 3 0
55 9 0
55 11 0
55 14 0
55 20 0
55 24 0
55 35 0
55 41 0
55 44 0
55 46 0
56 1 0
56 4 0
56 10 0
56 11 0
56 13 0
56 24 0
56 32 0
56 34 0
57 1 0
57 3 0
57 10 0
57 20 0
57 21 0
57 24 0
57 30 0
57 32 0
57 33 0
57 36 0
58 1 0
58 3 0
58 8 0
58 10 0
58 32 0
58 34 0
59 1 0
59 4 0
59 8 0
59 9 0
59 10 0
59 14 0
59 18 0
59 24 0
59 34 0
60 1 0
60 2 0
60 3 0
60 11 0
60 14 0
60 16 0
60 29 0
61 4 0
61 8 0
61 9 0
61 12 0
61 14 0
61 15 0
61 16 0
61 17 0
61 18 0
61 21 0
61 22 0
61 29 0
62 17 0
63 0 0
63 1 0
63 4 0
63 5 0
63 6 0
63 10 0
63 11 0
63 12 0
63 15 0
63 18 0
63 19 0
63 20 0
63 23 0
63 24 0
63 25 0
63 29 0
64 0 0
64 1 0
64 2 0
64 3 0
64 9 0
64 10 0
64 16 0
64 17 0
64 22 0
64 23 0
64 27 0
64 29 0
65 11 0
66 24 0
67 0 0
67 1 0
67 2 0
67 3 0
67 11 0
67 13 0
67 27 0
67 28 0
67 29 0
68 11 0
68 15 0
68 17 0
68 22 0
68 28 0
69 11 0
70 2 0
70 18 0
70 19 0
71 0 0
71 2 0
71 22 0
71 28 0
72 1 0
72 10 0
72 12 0
72 29 0
73 5 0
73 6 0
73 9 0
73 10 0
73 13 0
73 16 0
73 17 0
73 22 0
73 24 0
74 0 0
74 11 0
74 16 0
75 9 0
75 13 0
75 29 0
76 5 0
76 6 0
76 9 0
76 13 0
76 21 0
76 28 0
76 29 0
77 10 0
77 11 0
77 16 0
77 17 0
77 20 0
77 21 0
77 25 0
77 27 0
77 29 0
79 2 0
79 13 0
79 16 0
80 0 0
80 2 0
80 7 0
80 9 0
80 11 0
80 16 0
80 17 0
80 18 0
80 21 0
80 22 0
80 24 0
80 25 0
80 27 0
80 28 0
80 29 0
81 3 0
81 8 0
81 9 0
81 11 0
81 16 0
81 22 0
81 26 0
81 27 0
81 28 0
81 29 0
82 6 0
82 8 0
82 11 0
82 12 0
82 23 0
82 24 0
83 2 0
83 16 0
83 17 0
83 23 0
84 1 0
84 6 0
84 7 0
84 11 0
84 12 0
84 13 0
84 15 0
84 16 0
84 20 0
84 21 0
84 22 0
84 25 0
84 26 0
84 29 0
85 1 0
85 28 0
86 1 0
86 16 0
86 20 0
86 27 0
87 1 0
87 2 0
87 10 0
87 23 0
0 18 2
0 26 2
0 36 2
0 38 2
1 11 2
2 17 2
2 21 2
3 31 2
4 21 2
4 22 2
4 45 2
4 48 2
5 14 2
5 35 2
5 38 2
6 14 2
6 36 2
6 53 2
7 5 2
7 10 2
7 21 2
7 27 2
7 29 2
7 36 2
7 38 2
7 41 2
8 38 2
8 46 2
9 7 2
9 34 2
9 36 2
10 2 2
10 9 2
10 17 2
10 20 2
10 32 2
10 34 2
10 36 2
10 43 2
11 3 2
11 11 2
11 15 2
11 19 2
11 25 2
11 27 2
11 31 2
11 36 2
11 38 2
11 41 2
11 44 2
12 12 2
12 30 2
12 32 2
12 34 2
12 37 2
12 42 2
13 3 2
13 16 2
13 23 2
13 27 2
13 29 2
14 0 2
14 3 2
14 20 2
14 30 2
15 3 2
15 5 2
15 6 2
15 9 2
15 17 2
15 18 2
15 19 2
15 22 2
15 32 2
15 38 2
16 3 2
16 8 2
16 12 2
16 13 2
16 25 2
16 31 2
16 32 2
16 35 2
16 36 2
16 46 2
16 48 2
17 1 2
17 3 2
17 6 2
17 7 2
17 19 2
17 25 2
17 30 2
17 37 2
17 51 2
17 57 2
17 62 2
18 1 2
18 3 2
18 4 2
18 21 2
18 22 2
18 37 2
18 42 2
18 51 2
18 53 2
19 6 2
19 12 2
19 13 2
19 21 2
19 28 2
19 29 2
19 31 2
19 35 2
20 0 2
20 3 2
20 6 2
20 19 2
20 21 2
20 26 2
20 35 2
20 40 2
20 45 2
21 0 2
21 4 2
21 10 2
21 12 2
21 21 2
21 23 2
21 24 2
21 25 2
21 26 2
21 38 2
21 41 2
21 51 2
21 53 2
21 57 2
21 59 2
21 63 2
22 4 2
22 18 2
22 22 2
22 34 2
22 43 2
22 51 2
23 7 2
23 16 2
23 22 2
23 31 2
23 36 2
23 38 2
23 44 2
24 3 2
24 6 2
24 7 2
24 11 2
24 22 2
24 24 2
24 29 2
24 36 2
24 51 2
24 54 2
24 61 2
24 68 2
24 75 2
25 3 2
25 4 2
25 7 2
25 8 2
25 11 2
25 18 2
25 20 2
25 22 2
25 24 2
25 25 2
25 27 2
25 36 2
25 37 2
25 39 2
25 42 2
25 56 2
25 59 2
25 61 2
25 62 2
26 4 2
26 9 2
26 28 2
26 44 2
26 45 2
26 47 2
26 48 2
27 9 2
27 11 2
27 15 2
27 22 2
27 24 2
27 38 2
27 39 2
27 53 2
27 54 2
27 60 2
27 62 2
27 63 2
27 64 2
28 4 2
28 8 2
28 9 2
28 15 2
28 16 2
28 20 2
28 22 2
28 25 2
28 29 2
28 40 2
28 43 2
28 47 2
28 48 2
28 51 2
28 53 2
28 54 2
28 56 2
28 57 2
28 59 2
28 60 2
28 61 2
28 62 2
28 64 2
28 70 2
29 33 2
29 46 2
29 49 2
29 50 2
29 70 2
29 71 2
30 4 2
30 29 2
30 58 2
31 34 2
31 56 2
32 5 2
32 10 2
32 21 2
32 25 2
32 40 2
32 54 2
32 55 2
32 57 2
33 2 2
33 9 2
33 22 2
33 26 2
33 40 2
34 4 2
34 15 2
34 30 2
34 32 2
34 39 2
35 4 2
35 7 2
35 11 2
35 25 2
35 45 2
36 24 2
36 35 2
36 37 2
36 45 2
37 1 2
37 2 2
37 13 2
37 22 2
37 32 2
37 42 2
38 1 2
38 4 2
38 5 2
38 8 2
38 12 2
38 13 2
38 16 2
38 21 2
38 22 2
38 26 2
38 31 2
38 37 2
38 38 2
38 39 2
38 45 2
38 46 2
39 1 2
39 2 2
39 3 2
39 12 2
39 17 2
39 20 2
39 23 2
39 25 2
39 26 2
39 29 2
39 32 2
39 34 2
39 37 2
39 39 2
39 47 2
40 10 2
40 12 2
40 16 2
40 28 2
40 45 2
41 8 2
41 11 2
41 30 2
42 2 2
42 13 2
42 32 2
43 0 2
43 20 2
43 23 2
43 36 2
44 4 2
44 21 2
44 23 2
44 30 2
44 36 2
44 38 2
44 39 2
44 46 2
45 38 2
45 47 2
46 10 2
46 16 2
47 6 2
47 7 2
47 10 2
47 13 2
47 14 2
47 18 2
47 45 2
48 8 2
48 9 2
48 18 2
48 34 2
48 43 2
48 46 2
49 8 2
49 15 2
49 23 2
49 28 2
49 30 2
49 31 2
49 37 2
50 14 2
50 23 2
50 31 2
50 36 2
51 6 2
51 15 2
51 24 2
51 34 2
51 36 2
51 44 2
52 11 2
52 14 2
52 25 2
52 26 2
53 2 2
53 14 2
53 35 2
54 0 2
54 5 2
54 11 2
54 19 2
54 24 2
54 26 2
54 30 2
54 39 2
54 41 2
54 44 2
54 47 2
55 2 2
55 10 2
55 23 2
55 24 2
55 27 2
55 38 2
55 39 2
55 46 2
56 7 2
56 22 2
56 28 2
56 32 2
56 36 2
57 2 2
57 8 2
57 14 2
57 34 2
57 35 2
57 40 2
57 42 2
58 9 2
58 11 2
58 27 2
58 46 2
59 4 2
59 11 2
59 24 2
59 32 2
59 38 2
59 44 2
60 5 2
60 11 2
60 18 2
60 19 2
60 21 2
60 26 2
60 28 2
61 5 2
61 6 2
61 8 2
61 16 2
61 23 2
61 24 2
61 25 2
61 28 2
62 1 2
62 4 2
62 9 2
62 10 2
62 13 2
62 14 2
62 16 2
62 19 2
62 20 2
62 21 2
62 25 2
62 28 2
63 13 2
63 22 2
64 2 2
64 10 2
64 20 2
64 26 2
65 3 2
65 10 2
65 12 2
65 21 2
65 22 2
65 25 2
66 4 2
66 11 2
66 21 2
66 22 2
66 23 2
66 27 2
67 1 2
67 2 2
67 3 2
67 4 2
67 8 2
67 13 2
67 18 2
67 21 2
67 24 2
67 25 2
67 28 2
68 1 2
68 11 2
68 21 2
68 25 2
69 3 2
69 25 2
70 3 2
70 10 2
70 11 2
70 14 2
70 15 2
70 25 2
71 2 2
71 9 2
71 12 2
71 20 2
71 21 2
72 6 2
72 9 2
72 11 2
72 12 2
72 17 2
73 0 2
73 1 2
73 3 2
73 8 2
73 22 2
73 28 2
74 3 2
74 21 2
75 3 2
75 9 2
75 12 2
75 16 2
75 19 2
76 10 2
76 11 2
76 14 2
76 22 2
76 23 2
76 25 2
77 3 2
77 7 2
77 8 2
77 13 2
77 17 2
77 23 2
78 7 2
78 10 2
78 11 2
78 22 2
79 0 2
79 4 2
79 15 2
80 1 2
80 2 2
80 7 2
80 10 2
80 11 2
80 15 2
80 19 2
80 21 2
80 22 2
80 23 2
80 27 2
80 28 2
81 1 2
81 13 2
81 16 2
81 27 2
81 29 2
82 0 2
82 1 2
82 16 2
82 19 2
82 24 2
82 28 2
83 2 2
83 14 2
83 15 2
83 21 2
83 27 2
83 29 2
84 4 2
84 5 2
84 9 2
84 11 2
84 21 2
84 25 2
84 29 2
85 1 2
85 5 2
85 7 2
85 8 2
85 9 2
85 12 2
85 15 2
86 3 2
86 5 2
86 12 2
86 22 2
86 23 2
86 24 2
86 28 2
87 1 2
87 3 2
87 5 2
87 9 2
87 11 2
87 12 2
87 19 2
87 21 2
0 8 4
0 23 4
0 52 4
1 13 4
1 16 4
2 3 4
2 26 4
2 35 4
4 22 4
4 46 4
5 31 4
5 32 4
6 4 4
6 14 4
6 33 4
6 41 4
6 45 4
6 48 4
6 57 4
7 13 4
7 23 4
7 29 4
7 35 4
7 41 4
8 25 4
8 33 4
8 36 4
8 38 4
8 42 4
8 48 4
9 0 4
9 13 4
10 9 4
10 22 4
10 26 4
10 34 4
11 5 4
11 11 4
11 12 4
11 31 4
11 32 4
11 34 4
11 36 4
12 2 4
12 7 4
12 17 4
12 23 4
12 25 4
12 32 4
12 33 4
12 34 4
12 40 4
12 42 4
13 0 4
13 9 4
13 10 4
13 11 4
13 17 4
13 18 4
13 19 4
13 23 4
13 29 4
13 38 4
13 39 4
13 42 4
13 45 4
13 48 4
14 5 4
14 9 4
14 10 4
14 18 4
14 37 4
15 5 4
15 7 4
15 29 4
15 31 4
15 37 4
15 48 4
16 0 4
16 2 4
16 3 4
16 5 4
16 17 4
16 18 4
16 33 4
16 38 4
16 47 4
17 5 4
17 6 4
17 8 4
17 9 4
17 17 4
17 19 4
17 24 4
17 27 4
17 31 4
17 36 4
17 47 4
17 48 4
17 51 4
17 56 4
17 57 4
17 65 4
18 5 4
18 12 4
18 17 4
18 19 4
18 42 4
18 43 4
18 44 4
19 21 4
19 22 4
19 28 4
19 29 4
19 33 4
19 35 4
19 37 4
19 43 4
20 1 4
20 11 4
20 26 4
20 33 4
20 42 4
21 20 4
21 31 4
21 33 4
21 34 4
21 36 4
21 61 4
22 11 4
22 28 4
23 16 4
23 22 4
23 25 4
24 22 4
24 25 4
24 29 4
24 42 4
24 54 4
24 64 4
24 65 4
25 1 4
25 5 4
25 8 4
25 10 4
25 13 4
25 16 4
25 18 4
25 21 4
25 25 4
25 27 4
25 30 4
25 36 4
25 39 4
25 40 4
25 42 4
25 46 4
25 47 4
25 48 4
25 58 4
25 59 4
26 6 4
26 10 4
26 21 4
26 29 4
26 44 4
26 47 4
26 48 4
27 8 4
27 9 4
27 11 4
27 12 4
27 16 4
27 17 4
27 22 4
27 24 4
27 31 4
27 34 4
27 36 4
27 37 4
27 49 4
27 53 4
27 60 4
27 61 4
28 12 4
28 13 4
28 14 4
28 20 4
28 21 4
28 22 4
28 24 4
28 26 4
28 39 4
28 41 4
28 42 4
28 48 4
28 51 4
28 53 4
28 58 4
28 65 4
28 69 4
29 6 4
29 8 4
29 16 4
29 26 4
29 32 4
29 33 4
29 44 4
29 48 4
29 56 4
29 62 4
29 63 4
29 78 4
30 1 4
30 5 4
30 7 4
30 14 4
30 19 4
30 22 4
30 37 4
30 44 4
30 62 4
31 49 4
32 2 4
32 3 4
32 11 4
32 15 4
32 22 4
32 26 4
32 37 4
32 40 4
32 43 4
33 40 4
34 4 4
34 45 4
35 9 4
35 16 4
35 20 4
35 41 4
35 45 4
35 47 4
36 2 4
36 3 4
36 4 4
36 16 4
36 21 4
36 28 4
36 33 4
36 42 4
36 46 4
37 4 4
37 5 4
37 20 4
37 22 4
37 37 4
37 42 4
38 10 4
38 11 4
38 23 4
38 37 4
38 42 4
38 45 4
39 1 4
39 11 4
39 19 4
39 21 4
39 26 4
39 28 4
39 29 4
39 39 4
39 45 4
39 46 4
40 1 4
40 7 4
40 10 4
40 25 4
40 28 4
40 30 4
40 37 4
40 41 4
40 47 4
41 40 4
42 5 4
42 6 4
42 32 4
42 38 4
42 45 4
42 47 4
43 0 4
43 15 4
43 36 4
44 18 4
44 21 4
44 22 4
44 25 4
44 39 4
44 47 4
45 2 4
45 11 4
45 38 4
46 7 4
46 12 4
46 18 4
46 23 4
46 46 4
47 1 4
47 4 4
47 8 4
47 10 4
47 11 4
47 14 4
47 19 4
47 27 4
47 29 4
47 33 4
47 38 4
47 44 4
47 47 4
48 9 4
48 33 4
48 34 4
48 43 4
48 44 4
49 2 4
49 8 4
49 30 4
50 5 4
50 14 4
50 25 4
50 35 4
50 36 4
51 6 4
51 44 4
52 12 4
52 18 4
52 34 4
52 39 4
53 5 4
53 16 4
53 17 4
53 32 4
53 37 4
53 42 4
54 3 4
54 5 4
54 9 4
54 11 4
54 12 4
54 16 4
54 23 4
54 27 4
54 28 4
54 36 4
54 38 4
54 43 4
55 1 4
55 10 4
55 12 4
55 15 4
55 19 4
55 27 4
55 37 4
55 39 4
55 44 4
56 6 4
56 12 4
56 15 4
56 21 4
56 23 4
56 25 4
56 28 4
57 23 4
57 24 4
57 25 4
57 35 4
58 6 4
58 17 4
58 18 4
58 21 4
58 38 4
59 1 4
59 5 4
59 11 4
59 16 4
59 17 4
59 20 4
59 21 4
59 25 4
59 29 4
59 31 4
59 34 4
59 36 4
59 38 4
59 47 4
60 7 4
60 9 4
60 11 4
60 16 4
60 18 4
60 20 4
60 25 4
60 26 4
60 28 4
61 6 4
61 10 4
62 0 4
62 2 4
62 6 4
62 7 4
62 8 4
62 10 4
62 17 4
63 4 4
63 6 4
63 23 4
63 27 4
64 2 4
64 23 4
65 3 4
65 12 4
65 14 4
65 25 4
66 5 4
66 6 4
66 22 4
66 28 4
66 29 4
67 7 4
67 10 4
67 13 4
67 28 4
68 12 4
68 13 4
68 15 4
68 20 4
68 22 4
68 26 4
68 29 4
69 5 4
69 6 4
69 18 4
69 19 4
69 25 4
69 26 4
69 27 4
70 0 4
70 17 4
70 20 4
70 24 4
71 4 4
71 8 4
71 13 4
71 15 4
71 21 4
71 22 4
71 26 4
71 29 4
72 3 4
72 5 4
72 7 4
72 9 4
72 10 4
72 12 4
72 14 4
72 17 4
72 22 4
72 25 4
72 26 4
73 0 4
73 4 4
73 9 4
73 13 4
73 14 4
73 22 4
73 25 4
73 28 4
73 29 4
74 4 4
74 10 4
74 11 4
74 12 4
74 27 4
75 26 4
76 12 4
76 17 4
76 19 4
76 20 4
76 23 4
76 25 4
76 26 4
76 28 4
77 2 4
77 17 4
77 18 4
77 24 4
77 29 4
78 2 4
79 0 4
79 4 4
79 10 4
79 21 4
80 4 4
80 11 4
80 13 4
80 14 4
80 15 4
80 17 4
80 20 4
80 22 4
80 25 4
80 27 4
81 6 4
81 13 4
81 15 4
81 21 4
81 23 4
81 28 4
82 1 4
82 3 4
82 4 4
82 5 4
82 19 4
82 25 4
82 27 4
82 28 4
83 5 4
83 8 4
83 20 4
83 25 4
83 26 4
84 26 4
84 27 4
84 28 4
85 5 4
85 6 4
85 12 4
85 14 4
85 15 4
85 24 4
85 25 4
86 3 4
86 12 4
86 16 4
86 27 4
87 0 4
87 3 4
87 4 4
87 5 4
87 8 4
87 9 4
87 16 4
87 18 4
87 20 4
87 22 4
87 23 4
87 24 4
0 0 6
0 13 6
0 16 6
0 32 6
1 15 6
2 33 6
3 24 6
3 32 6
3 45 6
4 36 6
4 48 6
4 52 6
4 58 6
5 5 6
5 8 6
5 16 6
5 48 6
5 53 6
6 16 6
6 17 6
6 18 6
6 22 6
6 24 6
6 28 6
6 33 6
6 46 6
7 19 6
7 23 6
7 33 6
7 34 6
7 36 6
7 46 6
8 11 6
8 12 6
8 20 6
9 5 6
9 13 6
9 31 6
9 45 6
10 8 6
10 12 6
10 14 6
10 18 6
10 31 6
10 37 6
10 42 6
11 7 6
11 8 6
11 13 6
11 14 6
11 15 6
11 23 6
11 32 6
11 34 6
11 41 6
12 9 6
12 13 6
12 19 6
12 27 6
12 40 6
13 8 6
13 9 6
13 11 6
13 17 6
13 21 6
13 32 6
13 38 6
13 39 6
13 41 6
13 42 6
13 45 6
13 48 6
14 9 6
14 37 6
14 42 6
15 3 6
15 12 6
15 23 6
15 25 6
15 27 6
15 36 6
15 44 6
15 45 6
15 48 6
16 2 6
16 14 6
16 15 6
16 16 6
16 17 6
16 25 6
16 29 6
16 35 6
16 39 6
16 43 6
16 48 6
17 1 6
17 14 6
17 18 6
17 22 6
17 24 6
17 26 6
17 31 6
17 33 6
17 40 6
17 44 6
17 49 6
17 51 6
17 54 6
18 1 6
18 2 6
18 3 6
18 4 6
18 17 6
18 19 6
18 24 6
18 25 6
18 30 6
18 38 6
18 45 6
18 46 6
18 48 6
18 55 6
19 17 6
19 18 6
19 27 6
19 28 6
19 43 6
19 46 6
20 1 6
20 5 6
20 7 6
20 18 6
20 19 6
20 21 6
20 22 6
20 26 6
20 31 6
20 35 6
20 38 6
20 40 6
20 43 6
20 44 6
20 45 6
20 46 6
21 0 6
21 26 6
21 27 6
21 28 6
21 45 6
22 16 6
22 19 6
22 23 6
22 24 6
22 36 6
22 45 6
22 48 6
23 1 6
23 9 6
23 11 6
23 18 6
23 34 6
23 43 6
24 22 6
24 30 6
24 38 6
24 47 6
24 54 6
24 58 6
24 61 6
24 69 6
24 75 6
24 78 6
25 1 6
25 4 6
25 9 6
25 10 6
25 15 6
25 16 6
25 17 6
25 18 6
25 25 6
25 26 6
25 31 6
25 33 6
25 34 6
25 42 6
25 45 6
25 49 6
26 1 6
26 5 6
26 10 6
26 11 6
26 12 6
26 16 6
26 18 6
26 22 6
26 23 6
26 25 6
26 27 6
26 28 6
26 31 6
26 37 6
26 40 6
27 7 6
27 9 6
27 10 6
27 49 6
28 4 6
28 8 6
28 16 6
28 17 6
28 22 6
28 27 6
28 32 6
28 35 6
28 36 6
28 37 6
28 39 6
28 41 6
28 55 6
28 65 6
28 72 6
28 73 6
29 31 6
29 32 6
29 33 6
29 38 6
29 39 6
29 47 6
29 60 6
29 73 6
29 75 6
30 11 6
30 18 6
30 40 6
30 44 6
30 51 6
30 52 6
30 63 6
31 29 6
31 32 6
31 55 6
31 56 6
32 4 6
32 16 6
32 20 6
32 22 6
32 27 6
32 29 6
32 31 6
32 32 6
32 33 6
32 35 6
32 37 6
32 39 6
32 46 6
32 52 6
33 15 6
33 19 6
34 3 6
34 7 6
34 10 6
34 11 6
34 14 6
34 15 6
34 16 6
34 19 6
34 43 6
35 2 6
35 45 6
36 18 6
36 20 6
36 25 6
36 33 6
37 4 6
37 16 6
37 28 6
37 37 6
37 40 6
37 45 6
38 18 6
38 25 6
38 29 6
39 1 6
39 14 6
39 15 6
39 25 6
39 28 6
39 35 6
39 37 6
39 47 6
40 9 6
40 10 6
40 15 6
40 20 6
40 24 6
40 33 6
40 34 6
41 37 6
42 8 6
42 12 6
42 28 6
42 46 6
43 9 6
43 19 6
43 22 6
44 6 6
44 8 6
44 11 6
44 18 6
44 21 6
44 35 6
44 36 6
44 37 6
44 40 6
45 1 6
45 8 6
45 9 6
45 13 6
45 16 6
45 17 6
45 23 6
45 27 6
45 31 6
45 33 6
45 40 6
45 41 6
45 44 6
46 11 6
46 33 6
47 1 6
47 5 6
47 20 6
47 30 6
47 33 6
47 39 6
47 47 6
48 4 6
48 7 6
48 23 6
48 31 6
49 3 6
49 18 6
49 24 6
49 41 6
50 1 6
50 35 6
50 39 6
51 2 6
51 6 6
51 7 6
51 11 6
51 15 6
51 24 6
51 25 6
51 26 6
51 31 6
51 36 6
51 39 6
51 41 6
51 42 6
51 44 6
52 4 6
52 6 6
52 8 6
52 12 6
52 18 6
52 19 6
52 25 6
52 31 6
52 32 6
52 33 6
52 37 6
52 39 6
52 42 6
53 4 6
53 7 6
54 10 6
54 26 6
54 30 6
54 32 6
54 34 6
55 12 6
55 15 6
55 18 6
55 19 6
55 23 6
55 37 6
56 16 6
56 21 6
57 14 6
57 44 6
57 45 6
58 6 6
58 8 6
58 22 6
58 23 6
58 41 6
59 5 6
59 6 6
59 12 6
59 18 6
59 20 6
59 21 6
59 25 6
59 29 6
59 44 6
60 3 6
60 4 6
60 10 6
60 24 6
61 10 6
61 17 6
61 20 6
61 27 6
62 17 6
62 19 6
62 27 6
63 4 6
63 5 6
63 6 6
63 7 6
63 8 6
63 18 6
64 4 6
64 6 6
64 15 6
64 21 6
64 25 6
64 29 6
65 0 6
65 3 6
65 4 6
65 6 6
65 12 6
65 14 6
65 15 6
65 22 6
65 23 6
65 26 6
65 29 6
66 3 6
66 6 6
66 7 6
66 17 6
66 25 6
66 28 6
67 0 6
67 5 6
67 11 6
67 16 6
67 25 6
68 2 6
68 5 6
68 6 6
68 10 6
68 14 6
68 17 6
68 20 6
68 21 6
68 26 6
68 28 6
69 6 6
69 21 6
69 24 6
69 25 6
70 10 6
70 17 6
70 29 6
71 0 6
71 1 6
71 2 6
71 15 6
71 26 6
71 28 6
72 17 6
72 29 6
73 4 6
73 16 6
73 26 6
73 28 6
74 6 6
74 11 6
74 21 6
75 1 6
75 3 6
75 4 6
75 5 6
75 17 6
75 18 6
75 20 6
75 29 6
76 4 6
76 6 6
76 26 6
77 5 6
77 13 6
77 15 6
77 16 6
77 21 6
77 22 6
77 26 6
78 9 6
79 6 6
79 9 6
79 13 6
79 15 6
79 17 6
79 20 6
80 14 6
80 15 6
80 22 6
80 25 6
81 2 6
81 4 6
81 22 6
82 12 6
82 20 6
82 29 6
83 10 6
83 19 6
83 22 6
83 26 6
84 3 6
84 15 6
84 19 6
84 27 6
84 28 6
85 0 6
85 2 6
85 3 6
85 4 6
85 20 6
86 15 6
87 3 6
87 6 6
87 16 6
87 28 6
87 29 6
0 3 8
0 4 8
0 13 8
0 29 8
0 32 8
0 48 8
1 13 8
1 18 8
2 9 8
2 26 8
3 7 8
3 24 8
3 51 8
4 8 8
4 24 8
5 10 8
5 16 8
5 27 8
5 34 8
5 35 8
5 36 8
6 4 8
6 16 8
6 22 8
6 28 8
6 29 8
6 31 8
7 3 8
7 9 8
7 19 8
7 46 8
7 47 8
8 0 8
8 6 8
8 20 8
8 21 8
9 2 8
9 20 8
9 23 8
9 37 8
9 39 8
9 45 8
10 3 8
10 16 8
10 21 8
10 31 8
10 32 8
11 13 8
11 14 8
11 16 8
11 20 8
11 21 8
11 23 8
11 30 8
11 34 8
12 0 8
12 17 8
12 24 8
12 25 8
12 26 8
13 8 8
13 11 8
13 16 8
13 19 8
13 21 8
13 27 8
13 29 8
13 32 8
13 33 8
13 35 8
13 39 8
13 48 8
14 21 8
14 42 8
14 48 8
15 13 8
15 20 8
16 0 8
16 2 8
16 41 8
17 1 8
17 10 8
17 14 8
17 18 8
17 19 8
17 21 8
17 22 8
17 28 8
17 42 8
17 44 8
17 46 8
17 54 8
18 4 8
18 8 8
18 19 8
18 21 8
18 22 8
18 30 8
18 35 8
18 37 8
18 39 8
18 42 8
18 45 8
18 46 8
18 49 8
18 50 8
18 53 8
18 56 8
19 6 8
19 8 8
19 16 8
19 17 8
19 24 8
19 28 8
19 30 8
19 34 8
19 43 8
19 45 8
20 1 8
20 7 8
20 10 8
20 13 8
20 24 8
20 28 8
20 31 8
20 35 8
20 38 8
20 40 8
20 42 8
20 46 8
20 48 8
20 49 8
21 22 8
21 26 8
21 34 8
21 42 8
21 43 8
21 60 8
21 62 8
22 2 8
22 16 8
22 17 8
22 28 8
22 32 8
22 36 8
22 39 8
22 40 8
22 42 8
23 9 8
23 17 8
23 18 8
23 20 8
23 34 8
23 37 8
23 41 8
23 43 8
24 4 8
24 8 8
24 9 8
24 13 8
24 15 8
24 28 8
24 30 8
24 36 8
24 37 8
24 38 8
24 41 8
24 45 8
24 46 8
24 48 8
24 49 8
24 50 8
24 52 8
24 54 8
24 55 8
24 56 8
24 61 8
24 62 8
24 64 8
24 70 8
24 71 8
24 75 8
24 79 8
25 1 8
25 2 8
25 3 8
25 4 8
25 7 8
25 9 8
25 16 8
25 24 8
25 29 8
25 30 8
25 33 8
25 37 8
25 38 8
25 42 8
25 49 8
25 54 8
25 56 8
25 57 8
25 59 8
26 2 8
26 3 8
26 4 8
26 12 8
26 14 8
26 15 8
26 32 8
26 35 8
26 36 8
26 38 8
26 41 8
26 46 8
26 48 8
27 42 8
28 0 8
28 1 8
28 9 8
28 13 8
28 26 8
28 31 8
28 40 8
28 42 8
28 57 8
28 59 8
28 70 8
29 2 8
29 10 8
29 30 8
29 33 8
29 59 8
29 61 8
29 68 8
29 69 8
29 77 8
30 11 8
30 16 8
30 36 8
30 39 8
30 40 8
30 45 8
30 56 8
30 64 8
31 8 8
31 9 8
31 10 8
31 22 8
31 31 8
31 32 8
31 49 8
31 56 8
32 1 8
32 3 8
32 12 8
32 15 8
32 17 8
32 48 8
32 54 8
32 55 8
33 16 8
33 17 8
33 20 8
33 45 8
34 3 8
34 7 8
34 8 8
34 20 8
34 23 8
34 46 8
35 9 8
35 46 8
36 0 8
36 19 8
36 25 8
36 33 8
37 42 8
37 45 8
38 2 8
38 11 8
38 12 8
38 26 8
38 38 8
38 40 8
38 44 8
39 4 8
39 36 8
39 44 8
40 2 8
40 11 8
40 18 8
40 26 8
40 32 8
40 42 8
41 0 8
41 1 8
42 14 8
42 42 8
43 4 8
43 27 8
43 38 8
44 6 8
44 20 8
44 44 8
45 2 8
45 13 8
45 15 8
45 16 8
45 21 8
45 26 8
45 27 8
45 33 8
45 41 8
45 47 8
46 9 8
47 7 8
47 15 8
47 17 8
47 19 8
47 28 8
47 38 8
48 5 8
48 8 8
48 10 8
48 12 8
48 14 8
48 24 8
48 31 8
49 3 8
49 28 8
49 33 8
49 34 8
50 1 8
50 10 8
50 13 8
50 36 8
50 42 8
51 4 8
51 7 8
51 13 8
51 20 8
51 25 8
51 30 8
51 32 8
51 36 8
51 38 8
51 45 8
52 8 8
52 10 8
52 11 8
52 13 8
52 15 8
52 31 8
52 33 8
52 35 8
52 38 8
52 40 8
52 43 8
52 45 8
53 4 8
54 1 8
54 4 8
54 14 8
54 16 8
54 37 8
54 46 8
54 47 8
55 15 8
55 33 8
55 35 8
55 45 8
56 17 8
56 28 8
56 47 8
57 15 8
58 1 8
58 3 8
58 14 8
58 16 8
58 17 8
58 34 8
58 38 8
58 42 8
58 44 8
58 46 8
59 6 8
59 17 8
59 33 8
59 42 8
60 1 8
60 11 8
60 23 8
60 29 8
61 7 8
61 12 8
61 16 8
61 26 8
61 27 8
63 5 8
63 19 8
63 20 8
63 23 8
63 29 8
64 29 8
65 5 8
65 17 8
65 20 8
65 23 8
65 29 8
66 1 8
66 14 8
66 16 8
67 1 8
67 7 8
67 10 8
67 16 8
67 18 8
68 1 8
68 6 8
68 14 8
69 13 8
69 27 8
69 29 8
70 7 8
70 9 8
70 10 8
70 13 8
70 15 8
70 17 8
70 22 8
70 23 8
70 25 8
70 26 8
70 27 8
71 1 8
71 2 8
71 4 8
71 8 8
71 9 8
71 11 8
71 13 8
71 21 8
71 23 8
71 24 8
71 26 8
71 28 8
71 29 8
72 7 8
72 8 8
72 13 8
73 8 8
73 10 8
73 12 8
73 15 8
73 16 8
73 20 8
73 22 8
74 7 8
74 14 8
74 20 8
74 23 8
75 1 8
75 4 8
75 8 8
75 14 8
75 17 8
75 24 8
75 25 8
76 1 8
76 3 8
76 27 8
77 9 8
77 14 8
77 21 8
77 25 8
79 11 8
79 22 8
81 2 8
81 4 8
81 6 8
81 12 8
81 15 8
82 9 8
82 12 8
82 13 8
83 7 8
83 8 8
83 21 8
83 23 8
84 2 8
84 5 8
84 7 8
84 8 8
84 11 8
84 15 8
84 21 8
84 24 8
84 29 8
85 6 8
85 15 8
85 21 8
85 27 8
85 28 8
86 1 8
86 9 8
87 2 8
87 4 8
87 8 8
87 12 8
87 15 8
87 26 8
87 27 8
0 4 10
0 13 10
0 23 10
0 29 10
0 32 10
0 47 10
0 57 10
2 10 10
2 19 10
2 20 10
2 26 10
2 30 10
3 35 10
3 41 10
3 47 10
3 48 10
3 53 10
5 17 10
5 29 10
5 35 10
6 0 10
6 14 10
6 17 10
6 29 10
6 34 10
7 3 10
8 0 10
8 19 10
8 22 10
8 23 10
8 25 10
8 33 10
8 41 10
8 45 10
8 48 10
9 18 10
9 20 10
9 21 10
9 25 10
9 33 10
10 2 10
10 16 10
10 22 10
10 31 10
11 5 10
11 8 10
11 9 10
11 20 10
11 32 10
11 35 10
11 45 10
12 7 10
12 26 10
12 27 10
12 32 10
12 35 10
12 37 10
12 47 10
13 16 10
13 18 10
13 21 10
13 25 10
13 27 10
13 33 10
13 34 10
13 38 10
13 39 10
13 48 10
14 15 10
14 23 10
14 39 10
14 41 10
14 47 10
15 7 10
15 14 10
15 16 10
15 17 10
15 18 10
15 22 10
15 24 10
15 31 10
15 42 10
16 0 10
16 2 10
16 14 10
16 17 10
16 22 10
16 25 10
16 31 10
16 34 10
16 35 10
16 39 10
16 41 10
16 42 10
16 48 10
17 2 10
17 6 10
17 17 10
17 19 10
17 20 10
17 21 10
17 28 10
17 31 10
17 38 10
17 53 10
17 54 10
17 57 10
17 61 10
17 64 10
18 3 10
18 4 10
18 6 10
18 12 10
18 15 10
18 18 10
18 19 10
18 20 10
18 21 10
18 25 10
18 27 10
18 31 10
18 35 10
18 39 10
18 42 10
18 53 10
19 15 10
19 20 10
19 25 10
19 43 10
20 4 10
20 13 10
20 21 10
20 22 10
20 31 10
20 35 10
20 36 10
20 37 10
20 45 10
20 49 10
21 2 10
21 4 10
21 22 10
21 26 10
21 32 10
21 44 10
22 1 10
22 2 10
22 15 10
22 37 10
22 42 10
22 50 10
23 18 10
23 25 10
23 41 10
24 4 10
24 5 10
24 23 10
24 25 10
24 29 10
24 36 10
24 43 10
24 44 10
24 46 10
24 51 10
24 54 10
24 55 10
24 57 10
24 58 10
24 59 10
24 64 10
24 65 10
24 67 10
24 68 10
24 69 10
24 74 10
24 76 10
24 79 10
24 80 10
25 5 10
25 12 10
25 29 10
25 33 10
25 37 10
25 40 10
25 52 10
25 54 10
26 1 10
26 10 10
26 11 10
26 12 10
26 14 10
26 17 10
26 19 10
26 23 10
26 30 10
26 31 10
26 37 10
26 38 10
26 39 10
26 40 10
26 44 10
27 15 10
27 20 10
28 12 10
28 28 10
28 34 10
28 37 10
28 39 10
28 44 10
28 47 10
28 51 10
28 52 10
28 62 10
28 65 10
28 73 10
29 31 10
29 32 10
29 62 10
29 69 10
29 77 10
30 1 10
30 4 10
30 5 10
30 7 10
30 8 10
30 11 10
30 13 10
30 16 10
30 19 10
30 20 10
30 22 10
30 24 10
30 32 10
30 33 10
30 36 10
30 39 10
30 40 10
30 41 10
30 42 10
30 43 10
30 45 10
30 49 10
30 56 10
30 58 10
30 62 10
30 64 10
31 8 10
31 9 10
31 14 10
31 18 10
31 22 10
31 33 10
31 43 10
31 57 10
31 58 10
32 8 10
32 14 10
32 15 10
32 21 10
32 42 10
32 51 10
32 52 10
33 0 10
34 5 10
34 12 10
34 13 10
34 33 10
34 34 10
34 38 10
34 39 10
34 41 10
35 2 10
35 16 10
35 28 10
35 36 10
35 39 10
35 46 10
36 12 10
36 27 10
36 34 10
36 38 10
37 37 10
37 45 10
38 15 10
38 19 10
38 24 10
38 34 10
38 39 10
38 43 10
39 7 10
39 20 10
39 22 10
40 33 10
42 5 10
42 7 10
42 11 10
42 15 10
42 21 10
42 22 10
42 27 10
42 31 10
42 40 10
43 18 10
43 27 10
43 38 10
44 9 10
44 23 10
44 40 10
45 2 10
45 7 10
45 18 10
45 20 10
45 39 10
45 45 10
46 36 10
47 3 10
47 6 10
47 22 10
47 29 10
47 34 10
47 35 10
47 39 10
47 46 10
48 8 10
48 10 10
48 34 10
48 38 10
49 2 10
49 23 10
49 33 10
50 0 10
50 2 10
50 3 10
50 9 10
50 10 10
50 12 10
50 17 10
50 20 10
50 25 10
50 26 10
50 28 10
50 40 10
50 41 10
50 45 10
51 0 10
51 1 10
51 3 10
51 4 10
51 16 10
51 32 10
52 1 10
52 2 10
52 7 10
52 8 10
52 10 10
52 17 10
52 20 10
52 28 10
52 33 10
52 40 10
52 43 10
54 3 10
54 6 10
54 15 10
54 35 10
54 36 10
54 37 10
54 41 10
54 46 10
54 47 10
55 33 10
55 35 10
55 46 10
56 0 10
56 4 10
57 1 10
57 2 10
57 5 10
57 9 10
57 10 10
57 13 10
57 14 10
57 15 10
57 16 10
57 17 10
57 21 10
57 22 10
57 23 10
57 25 10
57 39 10
57 40 10
57 46 10
57 47 10
58 12 10
58 31 10
58 46 10
59 6 10
59 31 10
59 38 10
60 14 10
60 27 10
61 3 10
61 8 10
61 13 10
61 25 10
61 26 10
62 0 10
62 2 10
62 3 10
62 8 10
62 10 10
62 11 10
62 15 10
62 20 10
63 1 10
63 5 10
63 18 10
63 26 10
64 19 10
64 23 10
65 4 10
65 5 10
65 6 10
65 21 10
66 11 10
66 12 10
66 14 10
66 16 10
66 24 10
66 27 10
67 2 10
67 5 10
67 24 10
68 15 10
68 16 10
68 22 10
69 13 10
69 27 10
70 0 10
70 9 10
70 12 10
70 18 10
70 21 10
70 23 10
70 26 10
71 1 10
71 2 10
71 11 10
71 19 10
71 23 10
72 3 10
72 17 10
72 22 10
72 26 10
73 6 10
73 8 10
73 13 10
73 20 10
73 23 10
74 7 10
74 10 10
74 14 10
74 16 10
74 21 10
74 26 10
75 0 10
75 10 10
75 11 10
75 13 10
75 20 10
75 25 10
75 26 10
75 27 10
76 3 10
76 8 10
76 11 10
76 16 10
76 22 10
76 24 10
77 5 10
77 11 10
77 20 10
77 25 10
77 26 10
77 28 10
79 7 10
79 23 10
80 5 10
81 12 10
82 14 10
82 17 10
83 0 10
83 13 10
83 17 10
84 0 10
84 3 10
84 6 10
84 17 10
84 21 10
84 26 10
84 27 10
85 8 10
85 12 10
85 17 10
85 18 10
85 24 10
85 28 10
86 1 10
86 14 10
87 0 10
87 1 10
87 7 10
87 10 10
87 11 10
87 12 10
87 13 10
87 14 10
87 21 10
87 27 10
87 29 10
0 4 12
0 5 12
0 14 12
0 16 12
0 26 12
0 41 12
0 46 12
0 47 12
1 12 12
1 14 12
2 11 12
3 17 12
3 46 12
3 48 12
3 53 12
4 14 12
4 21 12
4 36 12
4 57 12
5 14 12
5 32 12
5 45 12
5 53 12
6 0 12
6 28 12
6 33 12
6 41 12
6 44 12
6 45 12
6 48 12
6 50 12
7 36 12
7 45 12
8 7 12
8 8 12
8 22 12
8 29 12
9 18 12
9 36 12
9 44 12
10 1 12
11 3 12
11 31 12
11 33 12
11 42 12
12 0 12
12 3 12
12 9 12
12 13 12
12 31 12
12 36 12
12 43 12
12 47 12
13 5 12
13 8 12
13 19 12
13 22 12
13 27 12
13 45 12
13 49 12
14 3 12
14 7 12
14 25 12
14 33 12
14 42 12
15 5 12
15 12 12
15 14 12
15 17 12
15 18 12
15 25 12
15 33 12
15 41 12
16 2 12
16 7 12
16 11 12
16 13 12
16 14 12
16 15 12
16 17 12
16 22 12
16 23 12
16 24 12
16 25 12
16 26 12
16 29 12
16 31 12
16 34 12
16 35 12
16 39 12
16 41 12
16 42 12
16 43 12
16 44 12
16 48 12
17 2 12
17 4 12
17 18 12
17 25 12
17 28 12
17 32 12
17 33 12
17 41 12
17 45 12
17 48 12
17 50 12
18 4 12
18 5 12
18 12 12
18 23 12
18 24 12
18 27 12
18 38 12
18 39 12
19 2 12
19 8 12
19 15 12
19 23 12
19 24 12
19 43 12
20 19 12
20 21 12
20 27 12
20 35 12
20 41 12
20 45 12
20 49 12
21 8 12
21 18 12
21 20 12
21 21 12
21 27 12
21 31 12
21 34 12
21 35 12
21 37 12
21 47 12
21 55 12
22 8 12
22 47 12
22 50 12
23 10 12
23 24 12
23 26 12
23 33 12
23 40 12
23 43 12
24 7 12
24 10 12
24 21 12
24 22 12
24 25 12
24 28 12
24 36 12
24 37 12
24 53 12
24 57 12
24 62 12
24 65 12
24 68 12
24 76 12
24 77 12
24 79 12
24 80 12
24 81 12
24 83 12
25 3 12
25 29 12
25 31 12
25 32 12
25 33 12
25 38 12
25 46 12
25 51 12
25 52 12
25 53 12
25 54 12
25 58 12
25 59 12
26 2 12
26 9 12
26 12 12
26 15 12
26 18 12
26 20 12
26 21 12
26 22 12
26 26 12
26 28 12
26 29 12
26 30 12
26 36 12
26 37 12
26 43 12
26 44 12
26 46 12
26 48 12
27 5 12
27 9 12
27 17 12
27 44 12
27 64 12
28 1 12
28 22 12
28 27 12
28 31 12
28 34 12
28 35 12
28 38 12
28 44 12
28 46 12
28 50 12
28 53 12
28 73 12
29 28 12
29 31 12
30 39 12
31 18 12
32 6 12
32 7 12
32 8 12
32 9 12
32 22 12
32 26 12
32 32 12
32 35 12
32 50 12
32 54 12
33 14 12
33 35 12
34 4 12
34 7 12
34 8 12
34 15 12
34 17 12
34 28 12
36 12 12
36 21 12
37 16 12
37 25 12
37 38 12
37 40 12
37 45 12
38 8 12
38 24 12
38 30 12
38 31 12
38 43 12
39 2 12
39 7 12
39 20 12
39 23 12
39 27 12
39 34 12
39 35 12
39 47 12
40 2 12
40 15 12
41 7 12
41 20 12
41 22 12
41 36 12
41 41 12
42 0 12
42 3 12
42 5 12
42 6 12
42 8 12
42 11 12
42 12 12
42 14 12
42 20 12
42 21 12
42 22 12
42 23 12
42 31 12
42 40 12
43 16 12
43 21 12
43 27 12
43 42 12
44 27 12
44 33 12
44 41 12
45 18 12
45 26 12
45 37 12
46 16 12
47 9 12
48 1 12
48 5 12
48 8 12
48 29 12
48 31 12
48 38 12
48 46 12
49 24 12
49 33 12
50 17 12
50 42 12
51 1 12
51 16 12
51 19 12
51 21 12
51 22 12
51 27 12
52 0 12
52 6 12
52 8 12
52 12 12
52 24 12
52 28 12
52 33 12
52 36 12
52 44 12
52 45 12
53 20 12
54 4 12
54 17 12
54 18 12
54 26 12
54 31 12
54 34 12
55 0 12
55 36 12
55 46 12
56 0 12
56 2 12
56 5 12
56 6 12
56 28 12
56 45 12
56 47 12
57 3 12
57 6 12
57 9 12
57 11 12
57 12 12
57 13 12
57 17 12
57 22 12
57 25 12
57 27 12
57 28 12
57 31 12
57 32 12
57 37 12
57 38 12
57 40 12
57 42 12
57 44 12
57 45 12
57 46 12
57 47 12
58 1 12
58 6 12
58 8 12
58 9 12
58 10 12
58 12 12
58 16 12
58 22 12
58 25 12
58 27 12
58 32 12
58 40 12
58 45 12
59 4 12
60 0 12
60 1 12
60 5 12
60 9 12
60 13 12
60 15 12
60 16 12
60 22 12
61 22 12
62 0 12
62 23 12
62 28 12
63 0 12
63 2 12
63 7 12
63 11 12
63 13 12
63 17 12
63 24 12
63 26 12
64 3 12
64 16 12
64 25 12
65 7 12
65 9 12
65 10 12
65 11 12
65 14 12
65 22 12
66 0 12
66 5 12
66 10 12
66 12 12
66 19 12
66 27 12
67 1 12
67 7 12
67 8 12
67 18 12
67 23 12
67 29 12
68 10 12
68 15 12
69 1 12
69 11 12
69 12 12
69 13 12
69 28 12
70 1 12
70 6 12
70 9 12
70 14 12
70 15 12
71 1 12
71 2 12
71 6 12
71 8 12
71 17 12
71 18 12
71 23 12
71 25 12
71 26 12
71 27 12
72 12 12
73 6 12
73 11 12
73 13 12
73 23 12
73 27 12
74 0 12
74 2 12
74 10 12
74 23 12
74 25 12
75 1 12
75 5 12
75 6 12
75 13 12
75 18 12
75 21 12
75 23 12
76 5 12
76 10 12
76 11 12
76 13 12
76 21 12
77 7 12
77 11 12
77 19 12
78 1 12
78 9 12
78 10 12
79 6 12
79 9 12
79 18 12
79 28 12
80 3 12
80 9 12
80 22 12
81 16 12
81 25 12
82 23 12
83 1 12
83 6 12
83 13 12
84 3 12
84 7 12
84 8 12
84 17 12
84 23 12
85 0 12
85 2 12
85 4 12
85 5 12
85 10 12
85 11 12
85 16 12
85 21 12
85 28 12
86 20 12
87 0 12
87 1 12
87 7 12
0 7 14
0 14 14
0 16 14
0 35 14
0 39 14
0 47 14
0 55 14
0 57 14
1 2 14
1 5 14
1 17 14
1 18 14
2 10 14
2 11 14
2 18 14
2 24 14
3 10 14
3 14 14
3 18 14
3 34 14
4 7 14
4 12 14
4 14 14
4 30 14
4 46 14
5 10 14
5 12 14
5 22 14
6 39 14
6 47 14
7 14 14
7 27 14
7 48 14
8 0 14
8 7 14
8 12 14
8 16 14
8 25 14
8 41 14
9 24 14
9 29 14
9 33 14
9 44 14
9 48 14
11 5 14
11 8 14
11 12 14
11 14 14
11 36 14
11 37 14
12 1 14
12 11 14
12 15 14
12 25 14
12 45 14
13 0 14
13 5 14
13 7 14
13 22 14
13 33 14
13 47 14
13 48 14
14 7 14
14 49 14
15 3 14
15 4 14
15 5 14
15 9 14
15 18 14
15 25 14
15 27 14
15 33 14
15 34 14
15 40 14
15 48 14
16 3 14
16 7 14
16 11 14
16 12 14
16 14 14
16 17 14
16 22 14
16 25 14
16 26 14
16 48 14
17 0 14
17 15 14
17 32 14
17 41 14
17 45 14
17 47 14
17 60 14
17 62 14
18 1 14
18 4 14
18 8 14
18 10 14
18 19 14
18 24 14
18 27 14
18 45 14
18 47 14
18 56 14
18 57 14
19 24 14
19 32 14
20 6 14
20 7 14
20 15 14
20 22 14
20 28 14
20 36 14
20 41 14
21 2 14
21 4 14
21 16 14
21 17 14
21 18 14
21 20 14
21 23 14
21 25 14
21 27 14
21 41 14
21 42 14
21 53 14
21 55 14
21 56 14
21 57 14
21 63 14
22 15 14
22 28 14
22 33 14
22 45 14
23 26 14
23 28 14
23 43 14
24 2 14
24 3 14
24 8 14
24 9 14
24 12 14
24 20 14
24 24 14
24 27 14
24 29 14
24 36 14
24 37 14
24 39 14
24 43 14
24 47 14
24 51 14
24 57 14
24 60 14
24 65 14
24 70 14
24 75 14
24 82 14
25 3 14
25 11 14
25 19 14
25 21 14
25 22 14
25 25 14
25 32 14
25 39 14
25 41 14
25 43 14
25 47 14
25 49 14
25 54 14
25 59 14
25 62 14
26 1 14
26 3 14
26 5 14
26 7 14
26 8 14
26 9 14
26 12 14
26 13 14
26 15 14
26 18 14
26 20 14
26 21 14
26 22 14
26 23 14
26 24 14
26 25 14
26 26 14
26 28 14
26 29 14
26 31 14
26 32 14
26 34 14
26 36 14
26 37 14
26 38 14
26 40 14
26 41 14
26 44 14
27 0 14
27 15 14
27 21 14
27 25 14
27 31 14
27 38 14
27 46 14
27 55 14
27 60 14
28 1 14
28 22 14
28 29 14
28 31 14
28 35 14
28 48 14
28 53 14
28 69 14
30 3 14
30 16 14
30 18 14
30 22 14
30 25 14
30 31 14
30 41 14
30 59 14
31 26 14
31 33 14
31 37 14
32 9 14
32 22 14
32 33 14
32 39 14
32 42 14
32 52 14
32 55 14
33 14 14
33 21 14
34 11 14
34 17 14
34 24 14
34 31 14
34 41 14
37 1 14
37 21 14
38 11 14
38 17 14
38 35 14
39 6 14
39 9 14
39 27 14
39 35 14
39 36 14
39 38 14
40 2 14
40 25 14
41 3 14
41 9 14
41 12 14
41 20 14
41 33 14
41 34 14
42 1 14
42 3 14
42 5 14
42 18 14
42 23 14
42 24 14
42 42 14
42 45 14
42 46 14
42 47 14
43 44 14
44 10 14
44 25 14
44 45 14
45 6 14
45 18 14
45 23 14
45 37 14
47 8 14
47 9 14
47 14 14
47 20 14
47 23 14
47 33 14
47 36 14
47 42 14
48 0 14
48 4 14
48 22 14
48 32 14
48 33 14
48 40 14
49 2 14
49 9 14
49 11 14
49 19 14
49 26 14
49 32 14
49 33 14
50 32 14
50 35 14
50 40 14
50 42 14
51 21 14
51 22 14
51 27 14
51 34 14
51 35 14
51 45 14
52 0 14
52 5 14
52 17 14
52 18 14
52 21 14
52 27 14
52 35 14
52 37 14
52 40 14
53 13 14
54 5 14
54 8 14
54 12 14
54 24 14
54 27 14
54 30 14
55 11 14
55 32 14
56 1 14
56 3 14
56 39 14
57 1 14
57 3 14
57 5 14
57 8 14
57 12 14
57 14 14
57 26 14
57 37 14
57 47 14
58 1 14
58 6 14
58 23 14
58 31 14
58 35 14
58 40 14
59 19 14
60 2 14
60 9 14
60 12 14
60 13 14
60 22 14
60 27 14
61 13 14
61 18 14
61 23 14
62 8 14
62 9 14
62 11 14
62 13 14
62 24 14
62 25 14
62 26 14
62 28 14
62 29 14
63 1 14
63 11 14
63 13 14
63 22 14
63 24 14
64 15 14
64 17 14
64 26 14
65 3 14
65 6 14
65 7 14
65 12 14
65 25 14
65 28 14
66 14 14
66 15 14
66 20 14
66 21 14
66 24 14
66 27 14
66 29 14
67 1 14
67 2 14
67 8 14
67 22 14
67 24 14
67 26 14
68 0 14
68 2 14
68 10 14
68 15 14
69 10 14
69 11 14
69 13 14
69 23 14
70 1 14
70 6 14
70 8 14
70 26 14
70 29 14
71 0 14
71 1 14
71 3 14
71 6 14
71 12 14
71 17 14
72 16 14
72 23 14
73 13 14
73 15 14
74 1 14
74 10 14
74 15 14
74 16 14
74 18 14
75 3 14
75 6 14
75 12 14
75 15 14
75 18 14
75 19 14
75 21 14
75 23 14
75 26 14
75 27 14
76 13 14
76 14 14
76 23 14
77 11 14
77 26 14
77 27 14
77 29 14
78 0 14
78 3 14
78 19 14
79 8 14
80 0 14
80 9 14
81 16 14
82 2 14
82 4 14
82 7 14
83 15 14
83 17 14
83 29 14
84 12 14
84 21 14
84 23 14
84 26 14
85 4 14
85 5 14
85 8 14
85 12 14
85 14 14
85 22 14
85 28 14
86 1 14
86 10 14
86 13 14
86 29 14
87 0 14
87 23 14
87 24 14
87 25 14
0 39 16
0 52 16
1 12 16
1 17 16
2 9 16
2 20 16
2 31 16
2 33 16
2 34 16
3 4 16
3 18 16
3 24 16
4 5 16
4 13 16
4 52 16
4 58 16
5 10 16
5 18 16
5 32 16
6 7 16
6 34 16
6 39 16
6 55 16
7 7 16
7 20 16
7 42 16
8 3 16
8 10 16
8 16 16
8 34 16
9 38 16
9 44 16
11 8 16
11 26 16
11 29 16
11 31 16
11 42 16
12 22 16
12 32 16
12 36 16
12 40 16
12 41 16
12 43 16
13 5 16
13 8 16
13 11 16
13 19 16
13 21 16
13 22 16
13 25 16
13 29 16
13 32 16
13 35 16
13 39 16
13 42 16
13 48 16
13 49 16
14 20 16
14 39 16
14 45 16
14 49 16
15 2 16
15 7 16
15 9 16
15 12 16
15 16 16
15 17 16
15 18 16
15 19 16
15 22 16
15 25 16
15 32 16
15 36 16
15 39 16
15 40 16
15 49 16
16 12 16
16 13 16
16 34 16
16 35 16
16 38 16
16 42 16
16 43 16
16 46 16
16 47 16
16 48 16
16 49 16
17 6 16
17 8 16
17 11 16
17 19 16
17 21 16
17 30 16
17 33 16
17 46 16
17 47 16
17 50 16
17 60 16
17 63 16
18 10 16
18 13 16
18 14 16
18 18 16
18 20 16
18 23 16
18 25 16
18 27 16
18 33 16
18 40 16
18 41 16
18 42 16
18 46 16
18 48 16
19 6 16
19 27 16
20 10 16
20 20 16
21 5 16
21 9 16
21 22 16
21 28 16
21 34 16
21 42 16
21 57 16
21 63 16
22 10 16
22 35 16
22 37 16
23 1 16
23 2 16
23 5 16
23 6 16
23 8 16
23 10 16
23 14 16
23 15 16
23 17 16
23 20 16
23 22 16
23 23 16
23 24 16
23 28 16
23 29 16
23 30 16
23 31 16
23 35 16
23 37 16
23 42 16
23 45 16
24 1 16
24 3 16
24 4 16
24 5 16
24 10 16
24 20 16
24 21 16
24 22 16
24 25 16
24 26 16
24 27 16
24 30 16
24 33 16
24 34 16
24 35 16
24 37 16
24 40 16
24 41 16
24 42 16
24 43 16
24 44 16
24 45 16
24 55 16
24 56 16
24 57 16
24 62 16
24 64 16
24 65 16
24 70 16
24 80 16
24 82 16
25 3 16
25 8 16
25 12 16
25 22 16
25 28 16
25 30 16
25 31 16
25 32 16
25 34 16
25 41 16
25 58 16
25 60 16
26 1 16
26 3 16
26 5 16
26 8 16
26 9 16
26 13 16
26 15 16
26 18 16
26 20 16
26 21 16
26 22 16
26 23 16
26 24 16
26 25 16
26 32 16
26 36 16
26 37 16
26 40 16
26 41 16
26 44 16
26 46 16
26 48 16
27 24 16
27 45 16
27 46 16
28 19 16
28 26 16
28 42 16
28 45 16
28 48 16
28 56 16
28 61 16
28 71 16
29 0 16
29 58 16
30 3 16
30 10 16
30 16 16
30 29 16
30 37 16
30 62 16
30 63 16
31 5 16
31 13 16
31 17 16
31 18 16
31 22 16
31 24 16
31 25 16
31 26 16
31 29 16
31 39 16
31 40 16
31 41 16
31 43 16
31 53 16
31 56 16
32 20 16
32 41 16
32 43 16
32 49 16
32 56 16
33 17 16
33 37 16
34 23 16
34 37 16
34 45 16
35 15 16
35 41 16
36 45 16
37 1 16
37 28 16
37 33 16
37 46 16
38 17 16
38 42 16
39 10 16
39 12 16
39 14 16
39 28 16
39 35 16
39 37 16
39 44 16
39 46 16
40 11 16
40 14 16
40 32 16
40 45 16
41 17 16
41 40 16
42 4 16
42 12 16
42 46 16
43 29 16
43 42 16
43 44 16
44 11 16
44 13 16
44 26 16
44 36 16
44 37 16
45 1 16
45 2 16
45 3 16
45 14 16
45 18 16
45 23 16
45 38 16
46 16 16
46 29 16
46 40 16
47 7 16
47 8 16
47 21 16
47 29 16
47 34 16
47 35 16
47 36 16
47 38 16
48 4 16
48 31 16
48 32 16
48 35 16
49 0 16
49 1 16
49 12 16
49 42 16
50 9 16
50 15 16
50 18 16
50 21 16
50 24 16
50 31 16
50 34 16
50 35 16
50 40 16
51 1 16
51 19 16
51 22 16
51 38 16
51 41 16
52 3 16
52 6 16
52 13 16
52 18 16
52 22 16
52 34 16
52 38 16
52 41 16
52 44 16
52 45 16
53 1 16
54 0 16
54 1 16
54 12 16
54 13 16
54 18 16
54 19 16
54 22 16
54 23 16
54 27 16
54 28 16
54 29 16
54 31 16
54 33 16
54 34 16
54 44 16
55 6 16
55 36 16
56 3 16
56 39 16
57 1 16
57 6 16
57 8 16
57 9 16
57 14 16
57 15 16
57 19 16
57 27 16
57 38 16
58 1 16
58 6 16
58 13 16
58 36 16
59 3 16
59 7 16
59 38 16
59 45 16
59 46 16
60 15 16
60 16 16
60 26 16
61 21 16
62 4 16
62 7 16
62 8 16
62 11 16
62 17 16
62 25 16
63 13 16
63 19 16
63 28 16
64 7 16
64 24 16
65 12 16
65 26 16
65 28 16
66 10 16
66 15 16
66 21 16
66 24 16
66 27 16
66 28 16
67 2 16
67 9 16
67 12 16
68 11 16
68 16 16
68 20 16
68 24 16
69 4 16
69 10 16
69 17 16
69 28 16
69 29 16
70 3 16
70 4 16
70 7 16
70 8 16
70 15 16
70 18 16
70 20 16
70 22 16
70 23 16
71 2 16
71 3 16
71 6 16
71 10 16
71 20 16
71 22 16
72 0 16
72 7 16
72 9 16
72 11 16
72 25 16
73 0 16
73 8 16
73 16 16
73 17 16
73 19 16
74 7 16
74 16 16
74 19 16
74 24 16
74 29 16
75 0 16
75 3 16
75 5 16
75 8 16
75 12 16
75 15 16
75 27 16
76 1 16
76 12 16
76 14 16
76 26 16
77 9 16
78 4 16
78 11 16
79 10 16
79 13 16
79 20 16
80 13 16
80 18 16
80 19 16
80 27 16
81 0 16
81 7 16
81 17 16
82 9 16
82 14 16
82 15 16
82 19 16
83 6 16
83 20 16
83 28 16
84 0 16
84 16 16
84 25 16
84 28 16
85 1 16
85 2 16
85 13 16
85 24 16
85 25 16
86 5 16
86 9 16
86 13 16
86 14 16
86 15 16
86 28 16
87 6 16
87 10 16
87 12 16
87 14 16
87 18 16
87 19 16
87 23 16
0 16 18
0 30 18
0 36 18
0 48 18
1 7 18
1 11 18
1 15 18
1 17 18
2 3 18
2 16 18
2 18 18
2 20 18
2 24 18
2 35 18
3 4 18
3 7 18
3 10 18
3 17 18
3 24 18
3 34 18
3 44 18
4 15 18
4 17 18
4 20 18
4 27 18
4 36 18
5 5 18
5 27 18
5 42 18
5 47 18
6 7 18
6 21 18
6 38 18
7 0 18
7 8 18
7 19 18
7 34 18
7 38 18
7 41 18
7 48 18
8 0 18
8 11 18
8 41 18
10 5 18
10 23 18
11 12 18
11 27 18
11 29 18
11 33 18
11 41 18
11 47 18
12 7 18
12 12 18
12 17 18
12 33 18
12 39 18
12 40 18
12 44 18
12 47 18
13 5 18
13 11 18
13 20 18
13 22 18
13 25 18
13 29 18
13 33 18
13 35 18
13 42 18
13 43 18
13 44 18
13 46 18
13 48 18
14 11 18
14 13 18
15 1 18
15 2 18
15 8 18
15 9 18
15 16 18
15 17 18
15 18 18
15 20 18
15 22 18
15 31 18
15 33 18
15 35 18
15 40 18
15 42 18
15 44 18
15 47 18
15 49 18
16 5 18
16 11 18
16 26 18
16 27 18
16 33 18
17 6 18
17 8 18
17 12 18
17 18 18
17 26 18
17 30 18
17 31 18
17 33 18
17 44 18
17 48 18
17 50 18
17 52 18
17 55 18
18 2 18
18 6 18
18 12 18
18 19 18
18 21 18
18 23 18
18 24 18
18 26 18
18 31 18
18 33 18
18 40 18
18 41 18
18 42 18
18 44 18
18 55 18
19 0 18
19 40 18
19 44 18
21 0 18
21 1 18
21 8 18
21 27 18
21 34 18
21 45 18
21 46 18
21 54 18
21 59 18
21 60 18
21 61 18
22 12 18
22 15 18
22 37 18
23 3 18
23 14 18
23 23 18
23 27 18
23 30 18
24 6 18
24 8 18
24 10 18
24 12 18
24 18 18
24 20 18
24 24 18
24 25 18
24 26 18
24 33 18
24 34 18
24 36 18
24 37 18
24 43 18
24 46 18
24 48 18
24 54 18
24 55 18
24 59 18
24 60 18
24 65 18
24 69 18
24 78 18
24 83 18
25 1 18
25 5 18
25 9 18
25 10 18
25 23 18
25 28 18
25 29 18
25 33 18
25 44 18
25 54 18
25 57 18
25 58 18
25 60 18
26 5 18
26 6 18
26 8 18
26 12 18
26 15 18
26 20 18
26 21 18
26 23 18
26 26 18
26 31 18
26 32 18
26 38 18
26 40 18
26 41 18
26 44 18
26 46 18
27 7 18
27 10 18
27 15 18
27 37 18
27 63 18
28 10 18
28 22 18
28 23 18
28 27 18
28 33 18
28 34 18
28 35 18
28 39 18
28 43 18
28 46 18
28 54 18
28 56 18
28 67 18
29 0 18
29 8 18
29 26 18
29 55 18
29 58 18
30 31 18
30 43 18
30 50 18
30 62 18
30 66 18
31 8 18
31 16 18
31 22 18
31 28 18
31 35 18
31 37 18
31 49 18
31 58 18
32 11 18
32 16 18
32 22 18
32 26 18
32 30 18
32 33 18
33 1 18
33 35 18
33 37 18
33 42 18
34 10 18
34 11 18
34 20 18
34 23 18
34 27 18
34 46 18
35 11 18
35 15 18
35 16 18
35 18 18
35 47 18
36 12 18
36 47 18
37 2 18
37 9 18
37 19 18
37 32 18
37 40 18
38 43 18
39 2 18
39 10 18
39 30 18
39 31 18
39 35 18
39 38 18
40 7 18
40 16 18
40 21 18
40 40 18
41 2 18
41 30 18
41 45 18
42 40 18
43 4 18
44 2 18
44 11 18
44 15 18
44 16 18
44 19 18
44 20 18
44 25 18
44 44 18
44 46 18
45 3 18
45 23 18
45 33 18
46 16 18
46 28 18
46 35 18
47 4 18
47 12 18
47 14 18
47 16 18
47 20 18
47 33 18
47 36 18
47 46 18
47 47 18
48 11 18
48 25 18
48 33 18
48 44 18
48 46 18
49 1 18
49 13 18
49 16 18
49 17 18
49 26 18
49 31 18
49 33 18
49 34 18
49 42 18
49 44 18
49 45 18
50 9 18
50 34 18
51 0 18
51 19 18
51 20 18
51 34 18
51 36 18
51 38 18
52 3 18
52 8 18
52 12 18
52 13 18
52 16 18
52 19 18
52 34 18
52 38 18
52 41 18
53 1 18
53 43 18
54 3 18
54 6 18
54 8 18
54 21 18
54 31 18
54 32 18
54 33 18
54 37 18
54 38 18
54 40 18
54 47 18
55 46 18
56 16 18
56 29 18
56 47 18
57 6 18
57 9 18
57 21 18
57 26 18
57 27 18
57 28 18
57 33 18
57 36 18
57 42 18
57 43 18
59 1 18
59 4 18
59 8 18
59 9 18
59 43 18
60 0 18
60 12 18
60 15 18
60 26 18
61 9 18
61 24 18
61 26 18
62 11 18
62 17 18
62 24 18
62 25 18
63 9 18
63 18 18
63 21 18
63 22 18
63 27 18
64 0 18
65 3 18
65 4 18
65 5 18
65 9 18
65 11 18
65 14 18
65 16 18
65 17 18
65 18 18
65 19 18
65 21 18
65 29 18
66 1 18
66 8 18
66 10 18
66 17 18
66 21 18
67 2 18
67 8 18
67 25 18
67 29 18
68 4 18
68 7 18
68 10 18
68 12 18
68 13 18
68 14 18
68 29 18
69 4 18
69 13 18
70 8 18
70 9 18
70 13 18
70 21 18
71 0 18
71 4 18
71 12 18
71 16 18
71 20 18
71 24 18
72 14 18
72 19 18
73 2 18
73 15 18
73 17 18
73 21 18
73 25 18
73 27 18
74 2 18
74 12 18
74 13 18
74 14 18
75 3 18
75 7 18
75 13 18
75 17 18
75 19 18
75 23 18
75 25 18
76 1 18
76 4 18
76 13 18
76 15 18
76 23 18
76 28 18
77 7 18
78 7 18
78 20 18
79 5 18
79 27 18
80 17 18
81 2 18
81 4 18
81 16 18
81 19 18
81 20 18
81 22 18
81 26 18
82 4 18
82 10 18
82 17 18
82 18 18
82 24 18
82 27 18
83 20 18
83 23 18
84 8 18
84 11 18
84 25 18
85 2 18
85 13 18
85 14 18
85 16 18
85 22 18
85 25 18
86 1 18
86 3 18
86 10 18
86 13 18
86 17 18
86 19 18
86 21 18
86 22 18
86 24 18
86 28 18
87 6 18
87 7 18
87 9 18
87 12 18
87 13 18
87 18 18
87 19 18
87 24 18
87 25 18
87 26 18
0 7 20
0 12 20
0 31 20
0 40 20
0 43 20
0 46 20
0 47 20
1 15 20
2 3 20
2 6 20
2 8 20
2 19 20
2 21 20
3 0 20
3 6 20
3 8 20
3 9 20
3 11 20
3 12 20
3 13 20
3 16 20
3 17 20
3 18 20
3 20 20
3 26 20
3 29 20
3 31 20
3 33 20
3 47 20
3 55 20
4 17 20
4 36 20
4 46 20
5 29 20
6 3 20
6 4 20
6 6 20
6 31 20
6 36 20
6 38 20
6 44 20
6 48 20
7 6 20
7 13 20
7 25 20
7 35 20
7 36 20
7 48 20
8 22 20
8 25 20
8 35 20
8 38 20
9 16 20
9 18 20
9 32 20
9 33 20
10 23 20
11 13 20
11 16 20
11 19 20
11 27 20
11 31 20
11 35 20
11 38 20
12 0 20
12 14 20
12 27 20
12 37 20
12 38 20
12 41 20
12 43 20
12 44 20
13 16 20
13 18 20
13 19 20
13 24 20
13 25 20
13 27 20
13 33 20
13 35 20
13 36 20
13 41 20
13 48 20
13 49 20
14 0 20
14 14 20
14 18 20
14 22 20
14 28 20
14 49 20
15 3 20
15 8 20
15 12 20
15 33 20
15 39 20
15 41 20
15 42 20
16 7 20
16 8 20
16 14 20
16 17 20
16 18 20
16 23 20
16 24 20
16 25 20
16 27 20
16 34 20
16 35 20
16 36 20
16 38 20
16 39 20
16 42 20
16 43 20
17 4 20
17 10 20
17 22 20
17 35 20
17 36 20
17 44 20
17 46 20
17 47 20
17 48 20
17 55 20
17 56 20
17 59 20
17 65 20
18 4 20
18 9 20
18 16 20
18 19 20
18 30 20
18 35 20
18 38 20
18 41 20
18 42 20
18 45 20
18 47 20
18 54 20
18 56 20
19 0 20
19 12 20
19 16 20
19 22 20
19 26 20
19 27 20
19 32 20
19 39 20
20 0 20
20 18 20
20 36 20
20 37 20
20 41 20
21 56 20
21 62 20
22 5 20
22 14 20
22 19 20
22 24 20
22 27 20
22 29 20
22 33 20
22 36 20
22 38 20
22 42 20
22 48 20
23 26 20
23 27 20
23 30 20
23 34 20
24 1 20
24 3 20
24 4 20
24 9 20
24 10 20
24 15 20
24 20 20
24 21 20
24 22 20
24 26 20
24 36 20
24 37 20
24 41 20
24 44 20
24 45 20
24 46 20
24 47 20
24 48 20
24 49 20
24 50 20
24 53 20
24 54 20
24 65 20
24 72 20
24 76 20
24 82 20
25 14 20
25 15 20
25 17 20
25 22 20
25 28 20
25 37 20
25 38 20
25 46 20
25 49 20
25 59 20
26 1 20
26 3 20
26 4 20
26 5 20
26 6 20
26 7 20
26 9 20
26 13 20
26 18 20
26 20 20
26 22 20
26 23 20
26 24 20
26 26 20
26 34 20
26 36 20
26 37 20
26 39 20
26 40 20
26 44 20
26 46 20
27 7 20
27 10 20
27 36 20
27 37 20
27 39 20
27 48 20
28 2 20
28 3 20
28 4 20
28 7 20
28 8 20
28 9 20
28 10 20
28 25 20
28 26 20
28 27 20
28 28 20
28 29 20
28 31 20
28 33 20
28 34 20
28 35 20
28 36 20
28 38 20
28 46 20
28 54 20
28 57 20
28 58 20
28 62 20
28 63 20
28 65 20
28 67 20
28 70 20
28 72 20
29 8 20
29 9 20
29 24 20
29 25 20
29 30 20
29 39 20
29 55 20
29 76 20
30 11 20
30 22 20
30 29 20
30 32 20
30 50 20
30 53 20
30 59 20
30 63 20
30 65 20
31 9 20
31 13 20
31 32 20
31 43 20
32 6 20
32 9 20
32 14 20
32 22 20
32 33 20
32 39 20
32 57 20
33 16 20
33 42 20
33 44 20
34 19 20
34 34 20
35 2 20
35 7 20
35 26 20
36 26 20
37 19 20
37 29 20
37 36 20
38 1 20
38 5 20
38 33 20
39 10 20
39 15 20
39 17 20
39 19 20
39 30 20
39 31 20
39 32 20
40 16 20
40 30 20
40 37 20
40 41 20
41 1 20
41 15 20
41 34 20
42 1 20
42 8 20
42 12 20
42 18 20
44 10 20
44 12 20
44 13 20
44 14 20
44 29 20
44 31 20
44 32 20
44 44 20
44 45 20
45 0 20
45 10 20
45 11 20
46 1 20
46 12 20
46 42 20
46 43 20
47 8 20
47 9 20
47 21 20
47 43 20
47 46 20
48 8 20
49 20 20
49 22 20
49 32 20
49 45 20
50 2 20
50 24 20
50 34 20
51 0 20
51 8 20
51 19 20
51 20 20
51 38 20
51 45 20
52 6 20
52 13 20
52 16 20
52 20 20
52 23 20
52 36 20
52 38 20
52 41 20
53 1 20
53 21 20
53 47 20
54 19 20
54 24 20
54 26 20
54 27 20
54 28 20
54 33 20
54 38 20
54 39 20
54 45 20
55 3 20
55 18 20
56 6 20
56 27 20
56 28 20
56 35 20
56 42 20
56 47 20
57 7 20
57 14 20
57 18 20
57 34 20
57 42 20
58 28 20
58 36 20
59 1 20
59 15 20
59 19 20
59 20 20
59 26 20
59 38 20
59 39 20
59 42 20
60 0 20
60 11 20
60 19 20
60 21 20
60 28 20
61 16 20
61 18 20
62 8 20
62 23 20
63 13 20
63 17 20
63 18 20
63 22 20
63 24 20
63 29 20
64 28 20
65 2 20
65 13 20
65 16 20
65 17 20
65 21 20
65 22 20
65 28 20
65 29 20
66 4 20
66 7 20
66 13 20
66 14 20
66 19 20
66 20 20
66 23 20
66 24 20
66 29 20
67 0 20
67 9 20
67 11 20
67 13 20
67 15 20
67 24 20
68 5 20
68 10 20
68 14 20
68 18 20
68 22 20
68 27 20
69 9 20
69 13 20
69 23 20
70 2 20
70 9 20
70 15 20
70 20 20
70 24 20
70 26 20
71 0 20
71 2 20
71 3 20
71 11 20
71 14 20
71 17 20
71 20 20
71 22 20
71 23 20
71 24 20
71 29 20
72 1 20
72 3 20
72 12 20
72 17 20
72 28 20
73 2 20
73 4 20
73 5 20
73 13 20
73 22 20
73 28 20
75 18 20
75 19 20
75 27 20
76 0 20
77 28 20
78 1 20
78 2 20
78 12 20
78 13 20
78 19 20
78 27 20
79 2 20
79 6 20
80 2 20
80 3 20
80 17 20
81 6 20
81 7 20
81 11 20
81 14 20
81 19 20
81 22 20
81 28 20
82 2 20
82 4 20
82 16 20
82 20 20
82 24 20
82 25 20
83 19 20
84 5 20
84 11 20
85 6 20
85 16 20
85 19 20
85 22 20
86 1 20
86 6 20
86 10 20
86 13 20
86 16 20
86 17 20
86 19 20
86 21 20
86 22 20
86 24 20
86 27 20
86 28 20
86 29 20
87 0 20
87 10 20
87 11 20
87 12 20
87 14 20
0 21 22
1 8 22
2 2 22
2 9 22
2 21 22
2 35 22
3 7 22
3 9 22
3 17 22
3 19 22
3 23 22
3 28 22
3 29 22
3 36 22
3 46 22
3 55 22
3 56 22
4 21 22
4 47 22
5 4 22
5 10 22
5 13 22
5 18 22
5 21 22
5 26 22
5 29 22
5 35 22
5 42 22
5 43 22
5 44 22
5 46 22
5 47 22
5 48 22
5 56 22
6 0 22
6 6 22
6 8 22
6 13 22
6 23 22
6 33 22
6 39 22
6 40 22
6 41 22
6 45 22
6 46 22
6 52 22
6 54 22
7 6 22
7 35 22
7 42 22
8 33 22
8 38 22
8 42 22
9 0 22
9 21 22
9 24 22
9 27 22
9 31 22
9 34 22
11 10 22
11 19 22
11 20 22
11 25 22
12 10 22
12 18 22
12 25 22
12 27 22
12 31 22
12 41 22
12 47 22
13 2 22
13 7 22
13 16 22
13 18 22
13 22 22
13 23 22
13 25 22
13 30 22
13 36 22
13 42 22
14 2 22
14 11 22
14 21 22
15 8 22
15 10 22
15 16 22
15 19 22
15 33 22
15 35 22
15 41 22
17 2 22
17 4 22
17 18 22
17 24 22
17 31 22
17 37 22
17 40 22
17 53 22
18 3 22
18 13 22
18 26 22
18 34 22
18 36 22
18 45 22
18 46 22
18 47 22
18 53 22
18 54 22
18 57 22
19 2 22
19 39 22
19 41 22
20 0 22
20 9 22
20 14 22
20 15 22
20 19 22
20 24 22
20 29 22
20 30 22
20 36 22
20 37 22
20 41 22
20 46 22
21 48 22
21 49 22
22 11 22
22 27 22
22 32 22
22 38 22
22 43 22
23 23 22
23 24 22
24 3 22
24 6 22
24 10 22
24 15 22
24 16 22
24 22 22
24 26 22
24 34 22
24 36 22
24 38 22
24 47 22
24 48 22
24 53 22
24 54 22
24 55 22
24 56 22
24 59 22
24 61 22
24 64 22
24 67 22
24 68 22
24 69 22
24 76 22
24 78 22
24 82 22
25 3 22
25 15 22
25 16 22
25 18 22
25 20 22
25 21 22
25 24 22
25 25 22
25 26 22
25 27 22
25 29 22
25 34 22
25 37 22
25 38 22
25 41 22
25 44 22
25 47 22
25 52 22
25 55 22
25 56 22
26 7 22
26 10 22
26 15 22
26 19 22
26 33 22
27 52 22
28 3 22
28 17 22
28 18 22
28 20 22
28 24 22
28 25 22
28 28 22
28 29 22
28 30 22
28 37 22
28 43 22
28 45 22
28 50 22
28 54 22
28 64 22
28 68 22
28 69 22
28 72 22
29 18 22
29 27 22
29 33 22
29 40 22
29 44 22
29 48 22
29 50 22
29 59 22
29 62 22
29 69 22
29 71 22
30 19 22
30 29 22
30 30 22
30 36 22
30 39 22
30 40 22
30 47 22
30 50 22
30 53 22
30 56 22
31 45 22
32 11 22
32 14 22
32 20 22
32 26 22
32 28 22
32 39 22
32 54 22
32 56 22
32 57 22
33 2 22
33 14 22
33 16 22
33 21 22
33 33 22
33 44 22
33 45 22
34 1 22
34 13 22
34 20 22
34 23 22
34 24 22
34 38 22
34 39 22
35 11 22
35 26 22
35 34 22
36 5 22
36 17 22
36 26 22
36 34 22
37 24 22
38 0 22
38 19 22
38 21 22
38 42 22
38 47 22
39 15 22
39 31 22
40 22 22
40 34 22
41 1 22
41 4 22
41 13 22
41 19 22
41 41 22
42 24 22
42 32 22
43 43 22
44 1 22
44 18 22
44 36 22
44 43 22
44 46 22
45 16 22
46 13 22
46 42 22
47 3 22
47 19 22
47 32 22
47 42 22
48 0 22
48 46 22
49 2 22
49 4 22
49 5 22
49 9 22
49 12 22
49 13 22
49 14 22
49 19 22
49 21 22
49 25 22
49 26 22
49 35 22
49 38 22
49 39 22
49 40 22
49 45 22
50 2 22
51 4 22
51 8 22
51 16 22
51 39 22
51 41 22
51 45 22
52 3 22
52 6 22
52 10 22
52 12 22
52 28 22
52 29 22
52 42 22
53 13 22
53 24 22
54 15 22
54 16 22
54 21 22
54 23 22
54 26 22
54 28 22
54 42 22
55 3 22
55 18 22
55 44 22
56 7 22
56 43 22
57 0 22
57 8 22
57 14 22
57 18 22
57 23 22
57 27 22
57 29 22
57 34 22
58 8 22
58 22 22
59 7 22
59 9 22
59 28 22
59 34 22
59 40 22
60 1 22
60 7 22
60 9 22
60 11 22
60 14 22
60 21 22
60 24 22
61 16 22
61 19 22
62 2 22
62 7 22
62 11 22
62 16 22
62 24 22
62 29 22
63 10 22
63 11 22
63 16 22
63 19 22
63 22 22
63 25 22
63 27 22
65 9 22
66 5 22
66 8 22
66 20 22
66 21 22
66 22 22
67 4 22
67 9 22
67 15 22
67 18 22
67 27 22
67 28 22
68 12 22
68 13 22
68 14 22
68 15 22
68 17 22
69 13 22
69 22 22
69 23 22
69 24 22
69 29 22
70 0 22
70 1 22
70 2 22
70 3 22
70 7 22
70 8 22
70 9 22
70 12 22
70 13 22
70 14 22
70 19 22
70 22 22
70 23 22
70 24 22
70 26 22
70 28 22
70 29 22
71 8 22
71 19 22
71 27 22
72 27 22
73 10 22
73 13 22
73 18 22
73 22 22
73 29 22
74 23 22
74 26 22
75 1 22
75 5 22
75 7 22
75 19 22
75 26 22
77 1 22
77 9 22
77 17 22
78 1 22
78 7 22
78 10 22
78 14 22
78 21 22
79 2 22
79 9 22
79 13 22
80 4 22
80 11 22
80 17 22
80 21 22
80 23 22
80 25 22
80 26 22
81 0 22
81 3 22
81 4 22
81 22 22
82 0 22
82 2 22
82 17 22
82 21 22
82 22 22
82 25 22
82 29 22
83 1 22
83 16 22
84 5 22
84 21 22
85 5 22
85 6 22
85 13 22
85 17 22
85 21 22
85 28 22
85 29 22
86 4 22
86 6 22
86 7 22
86 9 22
86 12 22
86 13 22
86 15 22
86 16 22
86 19 22
86 21 22
86 23 22
86 28 22
87 3 22
87 15 22
87 19 22
87 23 22
87 27 22
0 8 24
0 16 24
0 47 24
0 53 24
1 16 24
2 3 24
2 6 24
2 13 24
2 17 24
2 28 24
2 29 24
3 14 24
3 20 24
3 21 24
3 42 24
3 49 24
4 17 24
4 50 24
5 4 24
5 10 24
5 11 24
5 14 24
5 15 24
5 21 24
5 29 24
5 35 24
5 38 24
5 48 24
5 56 24
5 57 24
6 17 24
6 25 24
6 39 24
6 46 24
6 55 24
7 0 24
7 7 24
7 19 24
8 3 24
8 11 24
8 31 24
8 36 24
9 20 24
9 32 24
10 24 24
11 7 24
11 12 24
11 14 24
11 20 24
11 35 24
11 41 24
12 12 24
12 29 24
12 33 24
12 43 24
13 11 24
13 15 24
13 20 24
13 22 24
13 25 24
13 29 24
13 33 24
13 41 24
13 42 24
13 44 24
14 0 24
14 32 24
15 3 24
15 7 24
15 17 24
15 19 24
15 20 24
15 22 24
15 29 24
15 33 24
15 34 24
15 37 24
15 39 24
15 40 24
15 42 24
16 4 24
16 5 24
16 7 24
16 8 24
16 13 24
16 25 24
16 27 24
16 31 24
16 33 24
16 34 24
16 35 24
16 39 24
16 41 24
16 42 24
16 44 24
16 48 24
17 3 24
17 4 24
17 11 24
17 19 24
17 22 24
17 23 24
17 24 24
17 25 24
17 26 24
17 27 24
17 32 24
17 34 24
17 35 24
17 37 24
17 40 24
17 53 24
17 54 24
17 56 24
17 59 24
17 64 24
18 17 24
18 24 24
18 35 24
18 36 24
18 39 24
18 43 24
18 46 24
18 53 24
19 6 24
19 14 24
19 31 24
19 40 24
19 43 24
19 45 24
20 12 24
20 15 24
20 32 24
20 35 24
20 45 24
21 0 24
21 12 24
21 16 24
21 19 24
21 23 24
21 27 24
21 31 24
21 32 24
21 34 24
21 41 24
21 43 24
21 45 24
21 47 24
21 49 24
21 53 24
21 61 24
22 10 24
22 14 24
22 15 24
22 31 24
22 38 24
22 45 24
22 48 24
23 8 24
23 9 24
23 10 24
23 17 24
23 19 24
23 20 24
23 21 24
23 22 24
23 27 24
23 28 24
23 29 24
23 30 24
23 31 24
23 37 24
23 38 24
23 42 24
23 44 24
23 45 24
24 1 24
24 8 24
24 9 24
24 10 24
24 22 24
24 24 24
24 27 24
24 29 24
24 30 24
24 34 24
24 35 24
24 48 24
24 50 24
24 56 24
24 58 24
24 61 24
24 62 24
24 66 24
24 67 24
24 68 24
24 71 24
24 73 24
24 76 24
24 80 24
25 1 24
25 3 24
25 10 24
25 13 24
25 14 24
25 24 24
25 34 24
25 35 24
25 45 24
25 46 24
25 54 24
25 55 24
25 59 24
26 1 24
26 5 24
26 6 24
26 8 24
26 9 24
26 12 24
26 13 24
26 18 24
26 22 24
26 23 24
26 24 24
26 26 24
26 28 24
26 36 24
26 39 24
26 41 24
27 28 24
27 29 24
27 30 24
27 33 24
27 36 24
27 52 24
28 3 24
28 5 24
28 7 24
28 9 24
28 11 24
28 12 24
28 25 24
28 27 24
28 30 24
28 32 24
28 34 24
28 39 24
28 45 24
28 48 24
28 49 24
28 50 24
28 55 24
28 57 24
28 60 24
28 70 24
28 72 24
28 73 24
29 31 24
29 33 24
29 43 24
29 44 24
29 50 24
29 55 24
29 60 24
29 62 24
29 76 24
30 29 24
30 39 24
30 41 24
30 47 24
30 65 24
31 49 24
32 9 24
32 11 24
32 20 24
32 24 24
32 35 24
32 45 24
32 51 24
33 3 24
33 23 24
33 33 24
33 34 24
33 40 24
33 41 24
33 44 24
33 45 24
34 8 24
34 12 24
34 23 24
34 28 24
35 9 24
35 16 24
35 22 24
36 2 24
36 5 24
36 20 24
36 33 24
37 33 24
38 25 24
39 2 24
40 10 24
40 12 24
40 15 24
40 35 24
40 37 24
40 47 24
41 7 24
43 44 24
44 0 24
44 2 24
44 8 24
44 24 24
44 27 24
44 33 24
44 45 24
45 8 24
45 35 24
45 37 24
46 24 24
47 6 24
47 18 24
47 33 24
47 38 24
47 41 24
48 0 24
48 4 24
48 17 24
48 20 24
48 22 24
48 24 24
48 35 24
49 4 24
49 5 24
49 12 24
49 13 24
49 14 24
49 19 24
49 21 24
49 22 24
49 26 24
49 27 24
49 37 24
49 39 24
49 43 24
49 45 24
49 46 24
50 16 24
50 39 24
50 45 24
51 8 24
51 16 24
51 25 24
51 38 24
51 39 24
51 40 24
52 5 24
52 13 24
52 15 24
52 22 24
52 25 24
52 28 24
52 29 24
52 43 24
52 45 24
54 16 24
54 26 24
55 22 24
55 24 24
56 9 24
56 16 24
57 0 24
57 2 24
57 7 24
57 16 24
57 21 24
57 38 24
57 41 24
58 20 24
58 38 24
59 38 24
59 43 24
60 6 24
60 20 24
60 23 24
60 29 24
61 17 24
61 22 24
62 7 24
62 10 24
62 21 24
62 24 24
63 0 24
63 10 24
65 24 24
66 2 24
66 5 24
66 6 24
66 11 24
66 12 24
66 19 24
66 23 24
66 28 24
67 4 24
67 6 24
67 13 24
67 27 24
68 0 24
68 2 24
68 12 24
68 14 24
68 15 24
68 17 24
68 23 24
69 1 24
69 5 24
69 25 24
69 26 24
69 29 24
70 0 24
70 3 24
70 7 24
70 10 24
70 11 24
70 12 24
70 20 24
70 25 24
70 29 24
71 0 24
71 18 24
72 1 24
72 26 24
73 0 24
73 3 24
73 8 24
73 9 24
73 11 24
73 15 24
73 16 24
73 18 24
73 19 24
73 20 24
73 24 24
73 25 24
75 1 24
75 5 24
75 6 24
75 11 24
75 15 24
75 17 24
75 20 24
75 26 24
75 28 24
76 3 24
76 25 24
77 9 24
77 20 24
77 23 24
77 26 24
78 7 24
78 12 24
79 0 24
79 9 24
79 15 24
79 20 24
79 21 24
80 3 24
80 12 24
80 15 24
80 17 24
80 19 24
80 28 24
81 8 24
81 12 24
82 8 24
82 10 24
82 13 24
82 18 24
83 2 24
83 12 24
83 13 24
83 16 24
84 8 24
84 15 24
84 21 24
85 10 24
85 13 24
85 21 24
85 24 24
85 28 24
85 29 24
86 1 24
86 4 24
86 6 24
86 9 24
86 10 24
86 15 24
86 16 24
86 19 24
86 26 24
86 28 24
87 2 24
87 15 24
87 24 24
0 16 26
0 25 26
0 55 26
1 2 26
1 13 26
2 6 26
2 17 26
2 25 26
2 36 26
3 16 26
3 21 26
3 24 26
3 35 26
3 36 26
3 46 26
3 48 26
3 55 26
3 56 26
4 17 26
5 11 26
5 15 26
5 16 26
5 22 26
5 24 26
5 32 26
5 34 26
5 40 26
5 43 26
5 51 26
6 5 26
6 8 26
6 13 26
6 17 26
6 21 26
6 29 26
6 31 26
6 46 26
6 48 26
6 52 26
8 5 26
8 7 26
8 14 26
9 3 26
9 9 26
10 3 26
10 7 26
10 13 26
10 35 26
11 2 26
11 33 26
12 8 26
12 14 26
12 22 26
12 24 26
12 27 26
12 31 26
12 33 26
12 35 26
12 44 26
12 47 26
13 3 26
13 20 26
13 37 26
13 40 26
14 20 26
14 29 26
15 11 26
15 18 26
15 19 26
15 25 26
15 41 26
15 44 26
16 1 26
16 10 26
16 12 26
16 19 26
16 25 26
16 27 26
16 34 26
16 35 26
16 48 26
17 3 26
17 8 26
17 9 26
17 13 26
17 26 26
17 32 26
17 40 26
17 56 26
17 57 26
17 60 26
17 61 26
18 1 26
18 7 26
18 8 26
18 9 26
18 10 26
18 15 26
18 16 26
18 20 26
18 33 26
18 37 26
18 43 26
18 55 26
19 0 26
19 1 26
19 2 26
19 4 26
19 5 26
19 8 26
19 19 26
19 22 26
19 24 26
19 25 26
19 29 26
19 30 26
19 37 26
19 40 26
19 41 26
19 44 26
20 7 26
20 22 26
20 23 26
20 29 26
20 32 26
20 33 26
20 46 26
21 0 26
21 9 26
21 10 26
21 11 26
21 16 26
21 18 26
21 19 26
21 20 26
21 23 26
21 33 26
21 34 26
21 39 26
21 45 26
21 48 26
21 49 26
22 5 26
22 10 26
22 28 26
22 31 26
22 43 26
22 46 26
23 2 26
23 5 26
23 40 26
24 3 26
24 5 26
24 9 26
24 13 26
24 16 26
24 22 26
24 29 26
24 30 26
24 35 26
24 36 26
24 42 26
24 43 26
24 50 26
24 56 26
24 60 26
24 63 26
24 65 26
24 66 26
24 71 26
24 84 26
25 7 26
25 8 26
25 10 26
25 12 26
25 13 26
25 16 26
25 19 26
25 27 26
25 34 26
25 35 26
25 40 26
25 42 26
25 45 26
25 46 26
25 48 26
25 52 26
25 55 26
25 60 26
26 1 26
26 9 26
26 11 26
26 12 26
26 21 26
26 25 26
26 29 26
26 38 26
26 44 26
26 48 26
27 12 26
27 15 26
27 28 26
27 33 26
28 7 26
28 9 26
28 10 26
28 17 26
28 39 26
28 40 26
28 51 26
28 55 26
28 60 26
28 62 26
28 67 26
28 69 26
28 72 26
28 73 26
29 16 26
29 25 26
29 44 26
29 50 26
29 58 26
29 62 26
29 67 26
29 76 26
30 8 26
30 39 26
30 51 26
30 55 26
30 57 26
30 62 26
31 11 26
31 14 26
31 25 26
31 29 26
31 32 26
31 34 26
31 35 26
31 43 26
31 45 26
31 57 26
32 0 26
32 7 26
32 10 26
32 22 26
32 45 26
33 0 26
33 9 26
33 15 26
33 42 26
33 44 26
34 1 26
34 2 26
34 4 26
34 8 26
34 10 26
34 14 26
34 20 26
34 21 26
34 34 26
34 37 26
34 38 26
34 41 26
35 1 26
35 9 26
35 45 26
36 0 26
36 17 26
36 23 26
37 20 26
39 3 26
39 18 26
39 22 26
39 30 26
39 31 26
39 45 26
40 0 26
40 1 26
40 6 26
40 7 26
40 8 26
40 9 26
40 12 26
40 16 26
40 19 26
40 22 26
40 25 26
40 26 26
40 35 26
40 38 26
40 39 26
40 42 26
40 45 26
40 47 26
41 26 26
42 12 26
42 16 26
42 27 26
42 32 26
42 39 26
43 5 26
43 21 26
43 22 26
43 42 26
44 4 26
44 13 26
45 8 26
45 24 26
45 37 26
46 30 26
47 12 26
47 23 26
47 24 26
47 45 26
48 1 26
48 22 26
48 33 26
48 40 26
49 30 26
50 15 26
50 23 26
51 0 26
51 1 26
51 19 26
51 30 26
51 31 26
51 38 26
52 1 26
52 5 26
52 10 26
52 15 26
52 17 26
52 27 26
52 40 26
52 45 26
52 46 26
53 39 26
54 0 26
54 8 26
54 22 26
55 15 26
55 22 26
56 0 26
56 3 26
56 4 26
56 15 26
56 35 26
56 42 26
56 43 26
56 44 26
57 35 26
57 36 26
57 45 26
57 46 26
58 21 26
58 38 26
59 3 26
59 35 26
59 38 26
60 4 26
60 5 26
60 7 26
60 9 26
60 14 26
60 15 26
60 22 26
60 26 26
61 6 26
61 18 26
61 22 26
61 23 26
62 0 26
62 1 26
62 6 26
62 7 26
62 13 26
62 16 26
62 28 26
63 0 26
63 2 26
63 9 26
63 14 26
63 15 26
63 22 26
64 23 26
65 27 26
66 0 26
66 2 26
66 5 26
66 10 26
66 12 26
66 23 26
66 24 26
67 1 26
67 4 26
67 7 26
67 14 26
67 20 26
67 23 26
67 24 26
68 12 26
68 13 26
68 14 26
68 16 26
68 17 26
68 24 26
69 1 26
69 5 26
69 6 26
69 16 26
69 26 26
69 27 26
70 1 26
70 2 26
70 6 26
70 8 26
70 10 26
70 11 26
70 12 26
70 13 26
70 17 26
70 29 26
71 1 26
71 15 26
71 23 26
71 24 26
72 0 26
72 5 26
72 12 26
73 1 26
73 2 26
73 10 26
73 14 26
73 21 26
73 23 26
73 28 26
74 1 26
74 3 26
74 12 26
74 18 26
74 23 26
74 27 26
75 5 26
75 7 26
75 11 26
75 17 26
75 18 26
75 19 26
75 20 26
75 21 26
75 26 26
75 28 26
76 2 26
76 20 26
76 25 26
77 7 26
77 10 26
78 25 26
78 28 26
79 0 26
80 0 26
80 2 26
80 9 26
80 15 26
80 23 26
80 24 26
81 4 26
81 8 26
81 15 26
82 5 26
82 19 26
82 22 26
83 12 26
83 25 26
84 4 26
84 10 26
84 14 26
84 17 26
84 23 26
85 3 26
85 5 26
85 10 26
85 13 26
85 19 26
86 4 26
86 7 26
86 11 26
86 15 26
86 16 26
86 17 26
86 21 26
86 23 26
86 28 26
87 0 26
87 3 26
87 10 26
87 21 26
87 26 26
87 28 26
