0 1 0
0 3 0
0 10 0
0 16 0
0 17 0
0 18 0
0 19 0
0 25 0
0 28 0
0 34 0
0 37 0
0 38 0
0 39 0
0 50 0
1 3 0
1 5 0
1 10 0
1 18 0
2 4 0
2 9 0
2 20 0
2 36 0
3 1 0
3 7 0
3 11 0
3 17 0
3 25 0
3 34 0
3 50 0
3 57 0
4 3 0
4 5 0
4 16 0
4 34 0
4 44 0
4 46 0
4 50 0
4 51 0
4 53 0
4 56 0
5 6 0
5 15 0
5 22 0
5 25 0
5 31 0
5 49 0
5 50 0
5 55 0
6 18 0
6 20 0
6 26 0
6 28 0
6 32 0
6 37 0
6 44 0
6 55 0
9 3 0
9 14 0
9 22 0
9 24 0
9 29 0
9 35 0
9 38 0
9 41 0
9 47 0
10 8 0
10 26 0
10 30 0
10 35 0
10 43 0
11 14 0
12 8 0
12 15 0
12 22 0
12 25 0
12 37 0
12 45 0
13 8 0
14 6 0
14 9 0
14 18 0
14 37 0
14 49 0
15 36 0
16 3 0
16 34 0
16 36 0
16 44 0
16 48 0
17 19 0
17 37 0
18 15 0
18 41 0
19 13 0
19 23 0
20 0 0
20 8 0
20 19 0
20 40 0
21 12 0
21 57 0
21 61 0
22 18 0
23 27 0
23 35 0
24 5 0
24 20 0
24 29 0
24 47 0
24 54 0
24 73 0
24 76 0
25 1 0
25 7 0
25 12 0
25 14 0
25 22 0
25 38 0
25 45 0
25 57 0
25 60 0
26 20 0
26 27 0
27 5 0
27 20 0
27 24 0
27 30 0
27 37 0
27 38 0
27 58 0
28 14 0
28 18 0
28 47 0
28 64 0
30 7 0
30 12 0
30 14 0
30 16 0
30 32 0
30 49 0
31 13 0
31 17 0
31 31 0
31 32 0
31 55 0
32 12 0
32 13 0
32 22 0
33 2 0
33 4 0
33 6 0
33 13 0
33 18 0
33 26 0
33 28 0
33 34 0
33 37 0
33 41 0
34 18 0
34 28 0
35 2 0
35 4 0
35 6 0
35 13 0
35 18 0
35 26 0
35 28 0
35 41 0
36 2 0
36 4 0
36 5 0
36 8 0
36 13 0
36 18 0
36 26 0
36 28 0
36 33 0
36 34 0
36 41 0
37 2 0
37 4 0
37 5 0
37 13 0
37 18 0
37 26 0
37 28 0
37 33 0
37 34 0
38 4 0
38 11 0
38 12 0
38 13 0
38 18 0
38 26 0
38 28 0
38 33 0
38 34 0
38 39 0
38 42 0
39 4 0
39 12 0
39 17 0
39 26 0
39 28 0
39 38 0
39 42 0
40 11 0
40 28 0
40 37 0
40 40 0
41 2 0
41 17 0
41 26 0
41 28 0
41 36 0
41 40 0
42 0 0
42 8 0
42 20 0
42 23 0
42 37 0
42 41 0
42 43 0
42 45 0
43 0 0
43 15 0
43 20 0
43 36 0
43 41 0
43 43 0
44 0 0
44 8 0
44 14 0
44 20 0
44 23 0
44 35 0
44 37 0
44 39 0
44 41 0
44 43 0
44 45 0
45 20 0
45 23 0
45 35 0
45 36 0
45 43 0
45 45 0
45 46 0
46 0 0
46 8 0
46 15 0
46 20 0
46 23 0
46 35 0
46 36 0
46 40 0
46 41 0
46 43 0
46 45 0
47 0 0
47 15 0
47 20 0
47 23 0
47 24 0
47 35 0
47 36 0
47 43 0
47 45 0
48 0 0
48 6 0
48 15 0
48 20 0
48 31 0
48 35 0
48 36 0
48 40 0
48 43 0
48 45 0
49 0 0
49 15 0
49 19 0
49 20 0
49 29 0
49 40 0
49 43 0
50 7 0
50 29 0
50 36 0
50 40 0
51 2 0
51 3 0
51 20 0
52 2 0
53 0 0
53 2 0
53 3 0
53 8 0
53 13 0
53 20 0
53 26 0
53 30 0
53 31 0
53 32 0
53 42 0
54 0 0
54 2 0
54 8 0
54 14 0
54 20 0
54 30 0
54 32 0
54 41 0
54 42 0
55 0 0
55 32 0
55 39 0
56 2 0
56 20 0
56 26 0
56 35 0
57 2 0
57 22 0
57 26 0
58 2 0
58 4 0
58 20 0
58 26 0
59 2 0
59 20 0
59 26 0
60 9 0
67 9 0
68 13 0
68 18 0
72 13 0
73 0 0
73 11 0
73 23 0
73 26 0
73 28 0
76 0 0
76 3 0
76 10 0
76 12 0
76 15 0
76 24 0
76 25 0
77 0 0
77 18 0
77 22 0
77 28 0
78 20 0
79 12 0
79 17 0
79 20 0
79 22 0
81 24 0
82 10 0
82 13 0
83 5 0
83 13 0
87 16 0
87 21 0
0 1 2
0 3 2
0 15 2
0 34 2
0 39 2
0 41 2
0 53 2
1 5 2
1 18 2
2 0 2
2 4 2
2 20 2
2 23 2
2 31 2
2 32 2
2 34 2
2 36 2
3 1 2
3 7 2
3 33 2
4 3 2
4 53 2
4 56 2
5 15 2
5 22 2
5 25 2
5 28 2
5 31 2
5 32 2
5 37 2
5 55 2
6 6 2
6 20 2
6 25 2
6 37 2
6 55 2
7 3 2
9 3 2
9 13 2
9 14 2
9 15 2
9 16 2
9 22 2
9 23 2
9 24 2
9 25 2
9 26 2
9 27 2
9 29 2
9 33 2
9 35 2
9 38 2
9 41 2
9 42 2
9 43 2
9 47 2
9 49 2
10 4 2
10 7 2
10 8 2
10 10 2
10 24 2
10 25 2
10 26 2
10 30 2
10 33 2
10 35 2
10 37 2
10 40 2
10 42 2
10 48 2
10 49 2
12 8 2
12 15 2
12 20 2
12 24 2
12 47 2
13 42 2
14 5 2
14 9 2
14 10 2
14 17 2
14 18 2
14 21 2
14 29 2
14 33 2
14 34 2
14 36 2
14 39 2
14 47 2
14 48 2
15 7 2
15 15 2
15 16 2
15 21 2
15 27 2
15 37 2
15 40 2
15 41 2
15 48 2
17 4 2
17 11 2
17 14 2
17 15 2
17 20 2
17 21 2
17 31 2
17 43 2
17 54 2
17 56 2
18 6 2
18 9 2
18 15 2
18 17 2
18 19 2
18 23 2
18 41 2
18 45 2
19 22 2
19 23 2
20 28 2
20 41 2
20 43 2
21 5 2
21 31 2
21 33 2
23 9 2
23 25 2
23 32 2
24 8 2
24 12 2
24 20 2
24 41 2
24 46 2
24 47 2
24 59 2
24 64 2
24 71 2
24 76 2
24 79 2
24 80 2
24 83 2
24 84 2
25 5 2
25 14 2
25 45 2
26 8 2
26 27 2
27 3 2
27 5 2
27 8 2
27 12 2
27 13 2
27 17 2
27 19 2
27 20 2
27 23 2
27 25 2
27 29 2
27 30 2
27 33 2
27 40 2
27 44 2
27 45 2
27 46 2
27 51 2
27 58 2
28 6 2
28 12 2
28 30 2
28 65 2
29 1 2
29 4 2
29 45 2
29 48 2
29 51 2
29 79 2
30 2 2
30 7 2
30 8 2
30 14 2
30 18 2
30 32 2
31 6 2
31 13 2
31 16 2
31 17 2
31 28 2
31 32 2
31 45 2
32 3 2
32 4 2
32 12 2
32 36 2
32 42 2
32 46 2
32 51 2
33 11 2
33 18 2
33 34 2
33 37 2
34 18 2
35 18 2
35 28 2
35 34 2
36 1 2
36 4 2
36 5 2
36 8 2
36 9 2
36 13 2
36 15 2
36 16 2
36 17 2
36 18 2
36 20 2
36 28 2
36 33 2
36 36 2
36 40 2
36 42 2
37 18 2
37 20 2
37 28 2
37 33 2
37 35 2
38 11 2
38 17 2
38 18 2
38 33 2
39 45 2
40 11 2
40 13 2
41 2 2
41 28 2
41 40 2
42 0 2
42 25 2
42 41 2
42 43 2
43 8 2
43 14 2
43 15 2
43 27 2
43 29 2
43 31 2
43 38 2
43 41 2
43 47 2
44 0 2
44 8 2
44 14 2
44 15 2
44 24 2
44 41 2
44 47 2
45 2 2
45 23 2
45 34 2
45 36 2
45 46 2
46 0 2
46 3 2
46 8 2
46 12 2
46 15 2
46 20 2
46 25 2
46 31 2
46 36 2
46 37 2
46 39 2
47 0 2
47 3 2
47 20 2
47 22 2
47 24 2
47 32 2
47 36 2
47 41 2
48 0 2
48 7 2
48 11 2
48 15 2
48 22 2
48 24 2
48 28 2
48 36 2
48 38 2
48 40 2
48 47 2
49 0 2
49 5 2
49 7 2
49 9 2
49 11 2
49 19 2
49 20 2
49 24 2
49 29 2
49 43 2
50 7 2
50 15 2
50 29 2
50 40 2
51 2 2
51 4 2
51 20 2
51 26 2
51 30 2
51 41 2
52 16 2
52 41 2
53 0 2
53 4 2
53 8 2
53 10 2
53 12 2
53 13 2
53 15 2
53 20 2
53 24 2
53 29 2
53 33 2
53 34 2
53 36 2
53 37 2
53 42 2
53 43 2
53 45 2
54 7 2
54 20 2
54 31 2
54 32 2
55 31 2
56 0 2
56 8 2
56 13 2
56 18 2
56 20 2
56 24 2
56 34 2
56 37 2
56 40 2
57 39 2
58 14 2
58 47 2
59 14 2
59 45 2
59 46 2
60 0 2
60 1 2
60 9 2
60 13 2
60 14 2
60 16 2
60 23 2
60 27 2
60 29 2
61 3 2
61 27 2
63 29 2
64 7 2
64 21 2
64 23 2
67 9 2
67 10 2
67 12 2
68 14 2
68 22 2
68 26 2
70 0 2
70 13 2
70 17 2
70 23 2
70 27 2
70 29 2
72 4 2
72 13 2
72 29 2
73 5 2
73 6 2
73 7 2
73 12 2
73 20 2
73 23 2
73 29 2
74 18 2
74 26 2
75 1 2
75 2 2
75 11 2
75 13 2
75 26 2
75 29 2
76 0 2
76 6 2
76 9 2
76 19 2
76 20 2
76 24 2
77 0 2
77 1 2
77 5 2
77 14 2
77 15 2
77 22 2
77 27 2
79 23 2
79 24 2
79 25 2
79 28 2
81 4 2
81 12 2
81 17 2
81 22 2
82 2 2
82 5 2
82 17 2
82 25 2
82 27 2
83 13 2
83 16 2
83 20 2
83 24 2
84 2 2
84 14 2
84 18 2
84 22 2
84 27 2
85 19 2
87 4 2
87 13 2
87 17 2
87 25 2
87 26 2
0 1 4
0 9 4
0 12 4
0 15 4
0 45 4
0 53 4
1 5 4
1 18 4
2 0 4
2 4 4
2 8 4
2 23 4
2 31 4
2 32 4
2 34 4
2 36 4
2 37 4
3 1 4
3 7 4
3 33 4
4 49 4
4 53 4
4 56 4
5 15 4
5 22 4
5 25 4
5 28 4
5 55 4
5 57 4
6 6 4
6 16 4
6 20 4
6 25 4
6 26 4
6 37 4
7 3 4
7 10 4
9 3 4
9 7 4
9 18 4
9 20 4
9 21 4
9 23 4
9 24 4
9 25 4
9 26 4
9 27 4
9 29 4
9 33 4
9 35 4
9 38 4
9 41 4
9 43 4
9 49 4
10 0 4
10 4 4
10 6 4
10 7 4
10 8 4
10 10 4
10 11 4
10 15 4
10 23 4
10 24 4
10 25 4
10 30 4
10 31 4
10 33 4
10 36 4
10 39 4
10 41 4
10 47 4
10 49 4
11 15 4
11 24 4
11 41 4
12 8 4
12 9 4
12 11 4
13 8 4
13 15 4
14 0 4
14 1 4
14 3 4
14 15 4
14 21 4
14 23 4
14 26 4
14 29 4
14 30 4
14 34 4
14 38 4
15 15 4
15 18 4
15 20 4
15 27 4
15 36 4
15 40 4
16 37 4
17 3 4
17 11 4
17 14 4
17 15 4
17 20 4
17 30 4
17 55 4
18 1 4
18 4 4
18 6 4
18 9 4
18 14 4
18 15 4
18 27 4
18 35 4
18 46 4
18 53 4
19 12 4
19 15 4
20 3 4
20 7 4
20 16 4
20 28 4
20 36 4
20 37 4
20 43 4
20 44 4
21 5 4
21 23 4
21 44 4
23 7 4
23 18 4
23 42 4
24 2 4
24 7 4
24 8 4
24 12 4
24 18 4
24 23 4
24 26 4
24 28 4
24 30 4
24 36 4
24 41 4
24 43 4
24 47 4
24 50 4
24 62 4
24 66 4
24 70 4
24 71 4
24 76 4
24 79 4
24 80 4
24 84 4
25 4 4
25 9 4
25 14 4
25 41 4
25 51 4
26 1 4
26 5 4
26 9 4
26 12 4
26 18 4
26 22 4
26 24 4
26 33 4
26 34 4
27 1 4
27 3 4
27 4 4
27 5 4
27 6 4
27 10 4
27 13 4
27 15 4
27 19 4
27 20 4
27 21 4
27 25 4
27 29 4
27 30 4
27 33 4
27 35 4
27 38 4
27 39 4
27 40 4
27 44 4
27 45 4
27 46 4
27 47 4
27 48 4
27 51 4
27 54 4
27 55 4
27 57 4
27 58 4
27 62 4
27 63 4
27 64 4
28 4 4
28 6 4
28 8 4
28 40 4
28 43 4
28 54 4
28 70 4
29 79 4
30 4 4
30 18 4
31 9 4
31 45 4
32 14 4
32 17 4
32 35 4
32 51 4
33 11 4
33 17 4
33 18 4
33 34 4
33 37 4
34 18 4
35 4 4
35 18 4
35 28 4
35 32 4
35 35 4
36 13 4
36 18 4
36 19 4
36 20 4
36 22 4
36 36 4
36 45 4
37 2 4
37 18 4
37 33 4
37 35 4
38 16 4
38 18 4
38 22 4
38 33 4
39 13 4
39 15 4
39 25 4
40 15 4
40 33 4
40 40 4
41 19 4
42 0 4
43 3 4
43 8 4
43 14 4
43 20 4
43 25 4
43 27 4
43 28 4
43 29 4
43 39 4
43 41 4
43 45 4
43 47 4
44 0 4
44 1 4
44 4 4
44 8 4
44 14 4
44 19 4
44 20 4
44 30 4
44 40 4
44 41 4
44 43 4
45 23 4
45 24 4
45 34 4
45 43 4
45 46 4
45 47 4
46 0 4
46 3 4
46 4 4
46 8 4
46 15 4
46 20 4
46 32 4
46 36 4
46 37 4
46 39 4
46 45 4
47 22 4
47 24 4
47 41 4
48 0 4
48 18 4
48 20 4
48 21 4
48 22 4
48 25 4
48 27 4
48 38 4
48 46 4
48 47 4
49 0 4
49 5 4
49 6 4
49 9 4
49 15 4
49 23 4
49 24 4
49 27 4
49 29 4
49 40 4
49 47 4
50 20 4
50 29 4
50 31 4
51 2 4
51 3 4
51 15 4
51 20 4
51 26 4
51 30 4
51 39 4
51 41 4
52 41 4
53 4 4
53 12 4
53 13 4
53 14 4
53 18 4
53 19 4
53 20 4
53 24 4
53 27 4
53 30 4
53 36 4
53 40 4
53 41 4
53 43 4
53 46 4
54 13 4
54 17 4
54 26 4
54 32 4
54 34 4
54 37 4
54 47 4
55 17 4
55 25 4
55 35 4
55 45 4
55 47 4
56 0 4
56 2 4
56 42 4
56 43 4
58 9 4
59 6 4
59 35 4
59 44 4
60 4 4
60 23 4
60 24 4
61 3 4
61 4 4
63 16 4
63 21 4
65 0 4
65 29 4
66 1 4
66 10 4
66 16 4
67 4 4
67 5 4
67 9 4
67 12 4
68 14 4
70 3 4
70 10 4
70 11 4
70 13 4
70 15 4
70 21 4
70 23 4
70 25 4
70 26 4
70 27 4
71 2 4
71 9 4
72 4 4
72 13 4
72 29 4
73 7 4
73 20 4
74 18 4
75 1 4
75 3 4
75 9 4
75 11 4
75 13 4
75 21 4
75 29 4
76 0 4
76 6 4
76 24 4
77 10 4
78 0 4
78 4 4
78 12 4
78 14 4
78 16 4
78 22 4
78 23 4
78 24 4
78 25 4
78 26 4
78 27 4
78 28 4
78 29 4
79 24 4
80 23 4
81 0 4
81 12 4
81 16 4
81 17 4
81 19 4
81 22 4
82 17 4
83 11 4
83 14 4
83 15 4
83 19 4
83 21 4
83 24 4
83 27 4
83 28 4
84 5 4
84 22 4
84 23 4
85 8 4
85 9 4
86 22 4
87 11 4
87 17 4
87 19 4
87 28 4
0 1 6
0 12 6
0 15 6
0 17 6
0 26 6
0 29 6
0 56 6
0 57 6
1 5 6
1 18 6
2 4 6
2 8 6
2 20 6
2 23 6
2 31 6
2 32 6
2 34 6
2 36 6
2 37 6
3 1 6
3 11 6
3 26 6
4 38 6
4 53 6
4 56 6
5 6 6
5 15 6
5 25 6
5 34 6
5 39 6
5 55 6
6 21 6
6 25 6
6 26 6
6 37 6
6 57 6
7 10 6
7 25 6
7 41 6
8 7 6
8 22 6
9 0 6
9 1 6
9 3 6
9 18 6
9 19 6
9 20 6
9 21 6
9 24 6
9 25 6
9 27 6
9 30 6
9 33 6
9 35 6
9 38 6
9 40 6
9 41 6
9 49 6
10 0 6
10 7 6
10 9 6
10 10 6
10 13 6
10 22 6
10 23 6
10 24 6
10 25 6
10 27 6
10 30 6
10 36 6
10 39 6
10 45 6
10 47 6
10 48 6
10 49 6
12 7 6
12 8 6
12 17 6
12 34 6
12 43 6
13 29 6
13 47 6
14 0 6
14 4 6
14 27 6
14 30 6
15 15 6
15 20 6
15 22 6
15 24 6
15 29 6
17 2 6
17 15 6
17 19 6
17 20 6
17 23 6
17 36 6
17 45 6
17 47 6
17 48 6
17 57 6
18 5 6
18 11 6
18 14 6
18 18 6
18 20 6
18 22 6
18 31 6
18 36 6
18 39 6
18 40 6
18 41 6
18 42 6
18 49 6
18 50 6
18 53 6
18 54 6
19 6 6
19 14 6
20 0 6
20 9 6
20 16 6
20 17 6
20 37 6
20 42 6
21 23 6
21 36 6
21 58 6
22 5 6
23 14 6
23 24 6
23 25 6
23 38 6
23 40 6
23 44 6
24 2 6
24 7 6
24 13 6
24 17 6
24 18 6
24 23 6
24 36 6
24 40 6
24 41 6
24 43 6
24 48 6
24 52 6
24 53 6
24 57 6
24 62 6
24 71 6
24 72 6
24 76 6
24 77 6
24 79 6
24 82 6
24 84 6
25 11 6
25 14 6
25 38 6
25 51 6
26 2 6
26 3 6
26 4 6
26 14 6
26 15 6
26 17 6
26 20 6
26 29 6
26 34 6
26 41 6
26 43 6
26 45 6
26 46 6
26 47 6
27 1 6
27 2 6
27 3 6
27 4 6
27 5 6
27 6 6
27 12 6
27 13 6
27 14 6
27 15 6
27 16 6
27 17 6
27 18 6
27 19 6
27 20 6
27 21 6
27 22 6
27 23 6
27 24 6
27 25 6
27 27 6
27 29 6
27 30 6
27 31 6
27 32 6
27 34 6
27 35 6
27 36 6
27 37 6
27 38 6
27 39 6
27 40 6
27 41 6
27 43 6
27 44 6
27 45 6
27 46 6
27 47 6
27 48 6
27 50 6
27 51 6
27 52 6
27 53 6
27 54 6
27 55 6
27 56 6
27 57 6
27 58 6
27 59 6
27 60 6
27 62 6
27 63 6
27 64 6
28 12 6
28 13 6
28 14 6
28 20 6
28 21 6
28 24 6
28 26 6
28 28 6
28 29 6
28 38 6
28 60 6
28 63 6
29 24 6
29 51 6
31 45 6
32 13 6
32 15 6
32 18 6
32 51 6
32 55 6
33 11 6
33 18 6
33 34 6
33 40 6
35 4 6
35 18 6
35 28 6
36 13 6
36 19 6
36 36 6
37 2 6
37 18 6
37 26 6
37 33 6
37 35 6
37 36 6
37 39 6
38 23 6
38 33 6
39 23 6
39 46 6
40 45 6
41 19 6
42 0 6
42 7 6
42 14 6
42 20 6
42 41 6
43 0 6
43 2 6
43 3 6
43 5 6
43 6 6
43 8 6
43 10 6
43 11 6
43 12 6
43 13 6
43 14 6
43 18 6
43 20 6
43 21 6
43 23 6
43 24 6
43 25 6
43 27 6
43 28 6
43 29 6
43 30 6
43 31 6
43 32 6
43 33 6
43 36 6
43 37 6
43 38 6
43 39 6
43 40 6
43 41 6
43 43 6
43 47 6
44 1 6
44 12 6
44 20 6
44 22 6
44 41 6
44 43 6
44 45 6
45 4 6
45 11 6
45 19 6
45 20 6
45 22 6
45 24 6
45 26 6
45 37 6
45 42 6
45 43 6
45 46 6
46 0 6
46 16 6
46 20 6
46 27 6
46 36 6
46 37 6
46 39 6
46 41 6
47 9 6
47 21 6
47 24 6
47 28 6
47 41 6
47 43 6
48 19 6
48 34 6
48 44 6
48 47 6
49 2 6
49 8 6
49 15 6
49 20 6
49 29 6
49 33 6
49 36 6
49 42 6
49 47 6
50 0 6
50 20 6
50 36 6
51 20 6
52 13 6
53 0 6
53 2 6
53 5 6
53 9 6
53 12 6
53 13 6
53 14 6
53 16 6
53 17 6
53 21 6
53 24 6
53 30 6
53 33 6
53 41 6
53 46 6
54 5 6
54 11 6
54 13 6
54 15 6
54 16 6
54 24 6
54 25 6
54 29 6
54 43 6
54 47 6
55 10 6
55 24 6
55 27 6
55 35 6
56 2 6
56 23 6
56 29 6
57 24 6
58 2 6
58 12 6
58 13 6
58 14 6
58 17 6
58 44 6
59 0 6
59 32 6
59 34 6
59 46 6
59 47 6
60 22 6
61 11 6
62 3 6
63 16 6
63 27 6
64 27 6
66 2 6
66 4 6
66 14 6
66 16 6
66 22 6
66 29 6
67 13 6
67 26 6
67 27 6
69 18 6
69 27 6
70 13 6
70 18 6
70 20 6
70 25 6
70 26 6
70 27 6
72 13 6
73 15 6
73 25 6
74 15 6
74 19 6
75 9 6
75 11 6
75 13 6
75 24 6
75 27 6
76 24 6
77 1 6
78 0 6
78 2 6
78 4 6
78 5 6
78 13 6
78 14 6
78 16 6
78 17 6
78 18 6
78 22 6
78 23 6
78 24 6
78 25 6
78 26 6
78 27 6
80 11 6
81 0 6
81 1 6
81 10 6
81 11 6
81 14 6
81 21 6
82 1 6
82 17 6
82 19 6
83 5 6
83 13 6
83 15 6
83 21 6
83 27 6
84 0 6
84 14 6
84 16 6
85 6 6
85 8 6
85 27 6
86 5 6
87 0 6
87 7 6
87 18 6
87 20 6
87 22 6
87 24 6
87 27 6
0 1 8
0 17 8
0 25 8
0 56 8
0 57 8
1 3 8
1 5 8
1 15 8
2 4 8
2 8 8
2 17 8
2 20 8
2 23 8
2 31 8
2 34 8
2 36 8
2 37 8
3 11 8
3 14 8
3 17 8
3 21 8
3 34 8
3 43 8
3 45 8
3 47 8
3 48 8
4 14 8
4 41 8
5 1 8
5 5 8
5 6 8
5 8 8
5 9 8
5 12 8
5 13 8
5 14 8
5 15 8
5 17 8
5 18 8
5 19 8
5 22 8
5 23 8
5 25 8
5 26 8
5 28 8
5 29 8
5 32 8
5 37 8
5 39 8
5 44 8
5 45 8
5 48 8
5 50 8
5 53 8
5 55 8
5 56 8
5 57 8
6 7 8
6 8 8
6 21 8
6 23 8
6 37 8
6 42 8
6 54 8
7 2 8
7 10 8
7 34 8
7 36 8
8 25 8
8 29 8
8 48 8
9 0 8
9 1 8
9 5 8
9 10 8
9 17 8
9 18 8
9 19 8
9 21 8
9 24 8
9 25 8
9 27 8
9 31 8
9 33 8
9 34 8
9 35 8
9 40 8
9 49 8
10 7 8
10 9 8
10 10 8
10 11 8
10 12 8
10 14 8
10 17 8
10 20 8
10 22 8
10 23 8
10 24 8
10 27 8
10 34 8
10 36 8
10 40 8
10 45 8
10 47 8
10 49 8
12 7 8
12 13 8
12 40 8
13 20 8
14 0 8
14 4 8
14 13 8
14 25 8
14 30 8
14 39 8
15 11 8
15 14 8
15 24 8
15 29 8
15 42 8
15 48 8
16 1 8
16 4 8
16 10 8
16 14 8
16 15 8
16 17 8
16 18 8
16 20 8
16 22 8
16 25 8
16 29 8
16 31 8
16 34 8
16 35 8
16 39 8
16 42 8
16 43 8
16 48 8
17 2 8
17 6 8
17 9 8
17 15 8
17 20 8
17 23 8
17 29 8
17 45 8
17 51 8
18 11 8
18 13 8
18 15 8
18 20 8
18 27 8
18 31 8
19 5 8
19 12 8
20 4 8
20 5 8
20 9 8
20 11 8
20 16 8
20 17 8
20 20 8
20 23 8
20 33 8
20 37 8
20 41 8
20 45 8
21 5 8
21 16 8
21 23 8
21 36 8
23 26 8
24 2 8
24 5 8
24 16 8
24 20 8
24 21 8
24 29 8
24 35 8
24 43 8
24 58 8
24 73 8
24 76 8
24 77 8
24 78 8
25 11 8
25 12 8
25 15 8
25 18 8
25 41 8
25 46 8
27 1 8
27 2 8
27 3 8
27 4 8
27 7 8
27 9 8
27 10 8
27 12 8
27 13 8
27 14 8
27 15 8
27 17 8
27 18 8
27 19 8
27 21 8
27 22 8
27 23 8
27 24 8
27 25 8
27 27 8
27 28 8
27 29 8
27 31 8
27 32 8
27 34 8
27 35 8
27 36 8
27 37 8
27 38 8
27 39 8
27 40 8
27 41 8
27 43 8
27 44 8
27 45 8
27 47 8
27 48 8
27 49 8
27 51 8
27 52 8
27 53 8
27 54 8
27 55 8
27 58 8
27 59 8
27 60 8
27 61 8
27 62 8
27 64 8
28 2 8
28 4 8
28 7 8
28 12 8
28 20 8
28 22 8
28 29 8
28 35 8
28 36 8
28 38 8
28 39 8
28 50 8
28 54 8
28 55 8
28 60 8
28 63 8
28 73 8
29 38 8
29 51 8
30 44 8
31 5 8
31 19 8
32 8 8
32 39 8
32 42 8
33 24 8
33 34 8
34 16 8
35 4 8
35 18 8
35 26 8
35 33 8
36 36 8
37 4 8
37 9 8
37 13 8
37 18 8
37 22 8
37 39 8
37 40 8
38 19 8
38 22 8
38 33 8
40 45 8
41 19 8
42 7 8
42 19 8
42 45 8
43 0 8
43 2 8
43 3 8
43 5 8
43 6 8
43 8 8
43 9 8
43 10 8
43 11 8
43 12 8
43 13 8
43 14 8
43 16 8
43 17 8
43 19 8
43 20 8
43 21 8
43 22 8
43 23 8
43 24 8
43 25 8
43 26 8
43 28 8
43 29 8
43 30 8
43 31 8
43 32 8
43 33 8
43 34 8
43 36 8
43 37 8
43 40 8
43 41 8
43 43 8
43 44 8
43 46 8
43 47 8
44 1 8
44 22 8
44 41 8
44 43 8
44 46 8
45 9 8
45 10 8
45 11 8
45 18 8
45 20 8
45 22 8
45 24 8
45 25 8
45 42 8
45 43 8
46 20 8
46 37 8
47 9 8
47 11 8
47 21 8
47 25 8
47 41 8
47 43 8
47 44 8
48 1 8
48 3 8
48 27 8
48 35 8
48 36 8
48 44 8
48 47 8
49 2 8
49 14 8
49 20 8
49 21 8
49 25 8
49 29 8
49 31 8
49 36 8
49 41 8
49 42 8
49 47 8
50 0 8
50 21 8
50 29 8
51 34 8
52 0 8
52 4 8
52 12 8
52 17 8
52 20 8
52 37 8
52 39 8
52 41 8
52 42 8
52 46 8
52 47 8
53 0 8
53 2 8
53 5 8
53 8 8
53 9 8
53 12 8
53 13 8
53 14 8
53 16 8
53 17 8
53 21 8
53 23 8
53 24 8
53 27 8
53 33 8
53 38 8
53 39 8
53 40 8
53 41 8
53 46 8
54 6 8
54 15 8
54 20 8
54 24 8
54 30 8
54 40 8
54 43 8
55 43 8
55 44 8
55 46 8
56 10 8
58 2 8
58 22 8
60 3 8
60 21 8
60 22 8
61 29 8
62 3 8
62 7 8
62 8 8
62 17 8
62 19 8
63 8 8
63 14 8
65 3 8
65 6 8
65 15 8
65 21 8
66 3 8
66 27 8
66 28 8
67 11 8
67 13 8
67 25 8
67 29 8
68 2 8
69 0 8
69 24 8
70 6 8
70 20 8
71 16 8
73 2 8
73 5 8
73 7 8
73 13 8
73 18 8
73 26 8
74 3 8
74 15 8
74 19 8
75 9 8
75 13 8
75 27 8
76 18 8
76 24 8
76 29 8
77 29 8
78 0 8
78 2 8
78 4 8
78 5 8
78 6 8
78 7 8
78 10 8
78 15 8
78 17 8
78 18 8
78 20 8
78 23 8
78 24 8
78 25 8
78 26 8
78 27 8
78 28 8
79 6 8
79 15 8
80 3 8
80 14 8
80 20 8
80 22 8
81 10 8
81 11 8
81 13 8
82 17 8
82 29 8
83 5 8
84 4 8
84 9 8
84 14 8
84 16 8
84 27 8
85 4 8
85 8 8
86 22 8
87 6 8
87 7 8
87 18 8
87 29 8
0 1 10
0 25 10
0 28 10
0 48 10
0 56 10
1 5 10
1 13 10
2 4 10
2 8 10
2 31 10
2 34 10
2 36 10
3 6 10
3 11 10
3 14 10
3 21 10
3 24 10
3 27 10
3 42 10
3 43 10
3 50 10
3 54 10
3 55 10
4 14 10
4 36 10
5 0 10
5 1 10
5 4 10
5 5 10
5 6 10
5 9 10
5 10 10
5 12 10
5 14 10
5 16 10
5 18 10
5 19 10
5 22 10
5 23 10
5 25 10
5 26 10
5 32 10
5 37 10
5 39 10
5 53 10
5 54 10
6 5 10
6 7 10
6 8 10
6 23 10
6 42 10
6 47 10
6 57 10
7 9 10
7 21 10
8 12 10
9 1 10
9 2 10
9 5 10
9 10 10
9 11 10
9 14 10
9 15 10
9 19 10
9 23 10
9 27 10
9 30 10
9 31 10
9 34 10
9 35 10
9 37 10
9 39 10
9 45 10
9 48 10
9 49 10
10 7 10
10 9 10
10 10 10
10 11 10
10 12 10
10 17 10
10 20 10
10 21 10
10 24 10
10 29 10
10 34 10
10 38 10
10 39 10
10 41 10
10 42 10
10 45 10
10 47 10
10 49 10
12 3 10
12 15 10
12 44 10
12 49 10
13 8 10
13 49 10
14 3 10
14 13 10
14 34 10
15 41 10
16 4 10
16 16 10
16 18 10
16 36 10
17 1 10
17 15 10
17 18 10
17 23 10
17 24 10
17 34 10
17 40 10
17 46 10
17 51 10
18 9 10
18 11 10
18 13 10
18 47 10
19 6 10
19 8 10
19 9 10
19 11 10
19 12 10
19 14 10
19 16 10
19 19 10
19 22 10
19 23 10
19 24 10
19 36 10
19 38 10
19 39 10
19 40 10
20 17 10
20 28 10
20 38 10
21 5 10
21 23 10
21 28 10
21 50 10
21 57 10
22 8 10
22 10 10
22 17 10
22 22 10
22 29 10
22 36 10
24 6 10
24 18 10
24 20 10
24 33 10
24 35 10
24 63 10
24 77 10
24 82 10
25 1 10
25 3 10
25 7 10
25 17 10
25 18 10
25 24 10
25 30 10
25 32 10
25 61 10
26 42 10
27 1 10
27 2 10
27 3 10
27 4 10
27 9 10
27 10 10
27 12 10
27 13 10
27 14 10
27 17 10
27 18 10
27 19 10
27 22 10
27 23 10
27 24 10
27 25 10
27 27 10
27 28 10
27 29 10
27 31 10
27 32 10
27 34 10
27 35 10
27 36 10
27 37 10
27 39 10
27 40 10
27 41 10
27 43 10
27 44 10
27 45 10
27 46 10
27 47 10
27 49 10
27 51 10
27 53 10
27 54 10
27 55 10
27 56 10
27 58 10
27 59 10
27 60 10
27 62 10
27 64 10
28 1 10
28 2 10
28 4 10
28 6 10
28 7 10
28 10 10
28 19 10
28 30 10
28 31 10
28 36 10
28 38 10
28 42 10
28 46 10
28 54 10
28 58 10
28 59 10
28 70 10
29 33 10
29 73 10
30 34 10
30 52 10
30 57 10
30 63 10
30 65 10
31 5 10
31 52 10
31 55 10
32 18 10
32 39 10
32 44 10
33 34 10
34 25 10
35 4 10
35 18 10
36 36 10
37 2 10
37 18 10
37 35 10
37 38 10
37 39 10
38 12 10
38 33 10
38 42 10
39 10 10
40 7 10
41 19 10
41 36 10
41 39 10
42 13 10
42 28 10
43 0 10
43 1 10
43 2 10
43 3 10
43 4 10
43 5 10
43 7 10
43 8 10
43 9 10
43 10 10
43 11 10
43 12 10
43 13 10
43 14 10
43 16 10
43 17 10
43 20 10
43 21 10
43 22 10
43 23 10
43 26 10
43 28 10
43 29 10
43 30 10
43 31 10
43 32 10
43 33 10
43 34 10
43 36 10
43 37 10
43 40 10
43 41 10
43 42 10
43 43 10
43 44 10
43 46 10
43 47 10
44 1 10
44 24 10
44 27 10
44 38 10
44 41 10
44 43 10
45 1 10
45 6 10
45 25 10
45 26 10
45 33 10
46 24 10
46 45 10
46 47 10
47 14 10
47 20 10
47 21 10
47 33 10
47 38 10
47 43 10
47 44 10
48 6 10
48 12 10
48 19 10
48 35 10
48 39 10
48 44 10
48 47 10
49 0 10
49 1 10
49 20 10
49 21 10
49 25 10
49 29 10
49 31 10
49 36 10
49 41 10
49 47 10
50 14 10
50 16 10
50 21 10
50 27 10
50 29 10
50 31 10
50 37 10
50 46 10
52 0 10
52 3 10
52 11 10
52 12 10
52 13 10
52 15 10
52 30 10
52 34 10
52 37 10
52 38 10
52 44 10
52 46 10
52 47 10
53 0 10
53 2 10
53 4 10
53 8 10
53 9 10
53 10 10
53 11 10
53 12 10
53 13 10
53 14 10
53 15 10
53 16 10
53 17 10
53 19 10
53 20 10
53 24 10
53 25 10
53 27 10
53 33 10
53 35 10
53 37 10
53 38 10
53 40 10
53 41 10
53 42 10
53 46 10
54 12 10
54 20 10
54 24 10
54 30 10
54 40 10
54 43 10
55 0 10
55 14 10
55 15 10
57 0 10
57 33 10
57 45 10
58 22 10
58 24 10
60 1 10
60 3 10
60 8 10
60 11 10
60 12 10
60 22 10
60 26 10
61 7 10
61 28 10
62 19 10
63 0 10
63 10 10
63 22 10
64 10 10
66 3 10
66 20 10
67 11 10
67 13 10
67 17 10
67 18 10
67 25 10
68 6 10
68 8 10
69 0 10
69 11 10
70 1 10
70 5 10
70 6 10
70 15 10
70 20 10
70 22 10
71 0 10
71 26 10
71 27 10
71 28 10
72 11 10
72 13 10
72 23 10
73 2 10
73 4 10
73 7 10
73 9 10
73 12 10
73 17 10
73 18 10
73 21 10
73 22 10
73 28 10
74 3 10
75 6 10
75 12 10
75 16 10
75 18 10
75 19 10
75 21 10
76 12 10
77 12 10
77 17 10
78 3 10
78 17 10
78 26 10
79 6 10
79 15 10
80 0 10
80 14 10
80 18 10
80 20 10
81 2 10
81 4 10
81 16 10
81 25 10
82 4 10
82 12 10
83 26 10
84 4 10
84 9 10
84 14 10
84 23 10
86 20 10
86 22 10
87 6 10
87 26 10
0 1 12
0 13 12
0 21 12
0 28 12
0 29 12
0 32 12
0 36 12
0 39 12
0 48 12
0 56 12
1 5 12
1 10 12
2 0 12
2 8 12
2 31 12
2 36 12
3 0 12
3 11 12
3 14 12
3 16 12
3 22 12
3 24 12
3 28 12
3 33 12
3 41 12
3 49 12
3 54 12
3 55 12
3 57 12
4 12 12
4 53 12
5 9 12
5 10 12
5 13 12
5 19 12
5 23 12
5 26 12
5 31 12
5 35 12
5 39 12
5 46 12
5 49 12
5 54 12
6 5 12
6 8 12
6 16 12
6 17 12
6 55 12
6 57 12
8 0 12
8 3 12
9 0 12
9 2 12
9 9 12
9 15 12
9 27 12
9 31 12
9 34 12
9 35 12
9 37 12
9 39 12
9 45 12
9 48 12
10 0 12
10 5 12
10 10 12
10 14 12
10 15 12
10 16 12
10 17 12
10 20 12
10 21 12
10 27 12
10 29 12
10 31 12
10 32 12
10 34 12
10 38 12
10 39 12
10 42 12
10 43 12
10 45 12
10 47 12
10 49 12
11 11 12
11 15 12
11 16 12
11 25 12
11 27 12
11 32 12
11 36 12
12 15 12
12 25 12
14 11 12
14 15 12
14 36 12
15 3 12
15 9 12
15 32 12
15 38 12
16 3 12
16 5 12
16 8 12
16 16 12
16 19 12
16 33 12
16 36 12
17 13 12
17 14 12
17 15 12
17 19 12
17 34 12
17 46 12
18 10 12
18 13 12
18 19 12
18 21 12
18 29 12
18 54 12
18 55 12
19 0 12
19 1 12
19 3 12
19 4 12
19 6 12
19 7 12
19 13 12
19 14 12
19 16 12
19 17 12
19 19 12
19 20 12
19 22 12
19 31 12
19 34 12
19 36 12
19 37 12
19 38 12
19 40 12
19 41 12
20 17 12
20 18 12
21 2 12
21 5 12
21 36 12
21 50 12
21 57 12
22 1 12
22 2 12
22 25 12
22 26 12
22 36 12
22 42 12
22 48 12
24 6 12
24 12 12
24 17 12
24 18 12
24 20 12
24 33 12
24 67 12
24 82 12
25 4 12
25 5 12
25 18 12
25 22 12
25 24 12
25 28 12
25 40 12
25 44 12
25 48 12
25 49 12
25 56 12
26 14 12
26 23 12
26 31 12
26 33 12
26 39 12
26 42 12
27 1 12
27 2 12
27 3 12
27 4 12
27 7 12
27 12 12
27 13 12
27 14 12
27 15 12
27 16 12
27 18 12
27 22 12
27 23 12
27 24 12
27 25 12
27 31 12
27 32 12
27 34 12
27 36 12
27 37 12
27 39 12
27 49 12
27 51 12
27 57 12
27 59 12
27 62 12
28 2 12
28 4 12
28 7 12
28 8 12
28 9 12
28 25 12
28 29 12
28 30 12
28 42 12
28 47 12
28 49 12
28 54 12
28 58 12
28 61 12
28 71 12
30 1 12
30 11 12
30 13 12
30 19 12
30 20 12
30 22 12
30 24 12
30 33 12
30 44 12
30 52 12
30 58 12
32 18 12
32 39 12
33 34 12
34 25 12
35 4 12
36 3 12
36 34 12
36 36 12
37 2 12
37 4 12
37 9 12
37 18 12
37 35 12
37 39 12
38 5 12
38 12 12
38 17 12
38 25 12
38 42 12
38 47 12
39 14 12
39 24 12
39 44 12
40 16 12
40 19 12
42 13 12
42 24 12
42 30 12
42 34 12
42 44 12
42 45 12
43 1 12
43 4 12
43 5 12
43 6 12
43 7 12
43 8 12
43 9 12
43 10 12
43 13 12
43 14 12
43 15 12
43 17 12
43 18 12
43 20 12
43 23 12
43 26 12
43 28 12
43 29 12
43 30 12
43 31 12
43 33 12
43 34 12
43 36 12
43 38 12
43 41 12
43 43 12
43 44 12
43 45 12
43 46 12
44 1 12
44 8 12
44 21 12
44 24 12
44 40 12
45 6 12
46 24 12
47 20 12
47 21 12
47 27 12
47 29 12
47 30 12
47 32 12
48 6 12
48 34 12
48 37 12
48 45 12
48 47 12
49 0 12
49 1 12
49 20 12
49 21 12
49 25 12
49 29 12
49 31 12
49 36 12
49 47 12
50 3 12
50 4 12
50 5 12
50 6 12
50 7 12
50 8 12
50 9 12
50 10 12
50 12 12
50 13 12
50 14 12
50 16 12
50 20 12
50 21 12
50 22 12
50 23 12
50 25 12
50 26 12
50 27 12
50 28 12
50 29 12
50 31 12
50 32 12
50 33 12
50 36 12
50 37 12
50 39 12
50 40 12
50 41 12
50 43 12
50 45 12
50 46 12
52 4 12
52 9 12
52 10 12
52 17 12
52 38 12
52 40 12
53 5 12
53 8 12
53 9 12
53 10 12
53 13 12
53 16 12
53 27 12
53 33 12
53 38 12
53 40 12
53 41 12
54 5 12
54 12 12
54 20 12
54 22 12
54 24 12
54 30 12
54 40 12
54 41 12
54 43 12
54 46 12
55 14 12
56 17 12
57 0 12
57 5 12
57 8 12
57 14 12
57 15 12
57 16 12
57 26 12
57 35 12
57 36 12
57 41 12
59 46 12
60 12 12
60 14 12
60 26 12
60 27 12
61 13 12
61 26 12
62 2 12
62 14 12
63 22 12
63 23 12
64 1 12
64 19 12
65 8 12
65 24 12
65 28 12
66 14 12
66 20 12
66 24 12
67 0 12
67 5 12
67 11 12
67 17 12
67 20 12
68 0 12
68 14 12
68 24 12
69 7 12
69 26 12
70 5 12
70 20 12
70 22 12
70 24 12
71 0 12
71 22 12
71 28 12
72 14 12
72 23 12
72 26 12
73 4 12
73 5 12
73 8 12
73 17 12
73 18 12
73 24 12
73 25 12
73 28 12
74 5 12
74 9 12
74 21 12
74 26 12
75 3 12
75 8 12
75 19 12
75 25 12
75 26 12
76 3 12
76 12 12
77 28 12
79 2 12
80 6 12
80 18 12
81 0 12
81 18 12
82 4 12
83 2 12
83 7 12
83 12 12
83 16 12
83 25 12
84 18 12
84 26 12
85 12 12
85 13 12
85 17 12
85 29 12
87 14 12
87 21 12
0 6 14
0 10 14
0 13 14
0 28 14
0 32 14
0 36 14
0 41 14
0 48 14
0 49 14
0 50 14
1 8 14
2 0 14
2 1 14
2 8 14
2 15 14
2 34 14
2 36 14
3 20 14
3 24 14
3 37 14
3 40 14
3 41 14
3 43 14
3 49 14
3 52 14
3 57 14
4 3 14
4 51 14
5 1 14
5 3 14
5 9 14
5 17 14
5 19 14
5 23 14
5 24 14
5 31 14
5 35 14
5 39 14
5 42 14
5 46 14
5 49 14
5 55 14
6 8 14
6 9 14
6 12 14
6 43 14
6 55 14
7 7 14
8 3 14
9 11 14
9 15 14
9 36 14
9 46 14
10 0 14
10 2 14
10 4 14
10 5 14
10 10 14
10 11 14
10 12 14
10 14 14
10 15 14
10 17 14
10 20 14
10 22 14
10 25 14
10 26 14
10 28 14
10 30 14
10 31 14
10 32 14
10 34 14
10 38 14
10 39 14
10 45 14
10 46 14
10 47 14
10 49 14
11 18 14
11 27 14
11 32 14
12 0 14
12 12 14
12 36 14
12 41 14
14 5 14
14 10 14
14 27 14
14 29 14
14 30 14
14 32 14
14 36 14
15 0 14
15 32 14
16 0 14
16 1 14
16 2 14
16 4 14
16 5 14
16 8 14
16 15 14
16 16 14
16 19 14
16 20 14
16 23 14
16 24 14
16 29 14
16 33 14
16 34 14
16 35 14
16 36 14
16 37 14
16 41 14
16 42 14
16 43 14
16 44 14
16 47 14
17 6 14
17 17 14
17 19 14
17 28 14
17 30 14
17 33 14
17 34 14
17 36 14
17 59 14
18 11 14
18 12 14
18 34 14
19 1 14
19 2 14
19 3 14
19 4 14
19 6 14
19 7 14
19 8 14
19 9 14
19 10 14
19 11 14
19 12 14
19 13 14
19 14 14
19 16 14
19 17 14
19 18 14
19 19 14
19 20 14
19 22 14
19 23 14
19 26 14
19 28 14
19 29 14
19 31 14
19 33 14
19 34 14
19 35 14
19 36 14
19 37 14
19 38 14
19 40 14
19 41 14
19 43 14
19 44 14
19 45 14
19 46 14
20 4 14
20 8 14
20 9 14
20 29 14
20 35 14
20 44 14
21 14 14
21 22 14
21 34 14
22 2 14
22 19 14
22 20 14
22 24 14
22 25 14
22 26 14
22 27 14
22 29 14
22 40 14
22 41 14
22 43 14
22 49 14
22 51 14
24 6 14
24 14 14
24 17 14
24 18 14
24 19 14
24 25 14
24 33 14
24 46 14
24 50 14
24 59 14
24 61 14
24 63 14
24 78 14
25 2 14
25 5 14
25 14 14
25 24 14
25 28 14
25 34 14
25 40 14
25 44 14
25 46 14
25 58 14
26 14 14
26 30 14
26 33 14
26 42 14
26 46 14
26 47 14
27 2 14
27 3 14
27 4 14
27 8 14
27 9 14
27 13 14
27 14 14
27 22 14
27 23 14
27 26 14
27 27 14
27 28 14
27 32 14
27 36 14
27 37 14
27 49 14
27 56 14
27 58 14
27 59 14
28 2 14
28 4 14
28 9 14
28 13 14
28 42 14
28 44 14
28 51 14
28 52 14
28 58 14
28 71 14
28 73 14
30 12 14
30 13 14
30 32 14
30 42 14
30 51 14
31 25 14
31 27 14
31 28 14
31 29 14
31 39 14
32 0 14
32 1 14
33 26 14
33 34 14
33 39 14
33 42 14
34 25 14
35 4 14
36 12 14
36 21 14
36 26 14
36 36 14
37 2 14
37 9 14
37 16 14
37 18 14
37 35 14
38 5 14
38 42 14
38 43 14
39 19 14
39 20 14
39 44 14
40 4 14
40 7 14
40 16 14
40 19 14
42 6 14
42 8 14
42 12 14
42 14 14
42 20 14
42 26 14
42 27 14
42 31 14
42 34 14
42 36 14
42 40 14
42 44 14
43 1 14
43 3 14
43 4 14
43 5 14
43 9 14
43 10 14
43 13 14
43 17 14
43 18 14
43 20 14
43 27 14
43 28 14
43 29 14
43 30 14
43 33 14
43 40 14
43 41 14
43 43 14
43 45 14
43 46 14
44 1 14
44 15 14
44 21 14
44 22 14
44 24 14
44 40 14
45 4 14
45 16 14
45 19 14
45 24 14
45 27 14
45 41 14
46 37 14
47 12 14
47 21 14
47 27 14
47 34 14
48 2 14
48 5 14
48 9 14
48 26 14
48 31 14
48 34 14
48 35 14
48 37 14
48 39 14
49 0 14
49 1 14
49 14 14
49 20 14
49 21 14
49 25 14
49 29 14
49 31 14
49 47 14
50 0 14
50 5 14
50 6 14
50 7 14
50 8 14
50 9 14
50 11 14
50 12 14
50 13 14
50 14 14
50 16 14
50 19 14
50 20 14
50 21 14
50 24 14
50 26 14
50 29 14
50 31 14
50 37 14
50 39 14
50 43 14
50 44 14
50 46 14
51 38 14
52 4 14
52 6 14
52 13 14
52 36 14
52 41 14
53 0 14
53 2 14
53 5 14
53 8 14
53 10 14
53 12 14
53 16 14
53 19 14
53 21 14
53 27 14
53 33 14
53 38 14
53 41 14
53 46 14
53 47 14
54 4 14
54 13 14
54 17 14
54 19 14
54 20 14
54 22 14
54 26 14
54 34 14
54 35 14
54 40 14
54 41 14
54 43 14
54 44 14
54 46 14
55 6 14
56 6 14
56 15 14
56 25 14
56 26 14
56 40 14
56 41 14
56 44 14
57 2 14
57 11 14
57 15 14
57 17 14
57 28 14
57 36 14
58 7 14
58 10 14
58 21 14
58 36 14
59 18 14
59 36 14
60 0 14
60 5 14
60 7 14
60 29 14
61 4 14
61 11 14
61 19 14
61 22 14
61 26 14
62 23 14
62 27 14
63 17 14
63 23 14
65 8 14
65 24 14
66 0 14
66 5 14
66 8 14
66 11 14
66 12 14
66 16 14
67 3 14
67 10 14
67 18 14
67 20 14
67 23 14
67 25 14
69 7 14
69 27 14
70 2 14
70 14 14
70 20 14
70 22 14
71 8 14
72 2 14
72 7 14
72 26 14
73 0 14
73 4 14
73 5 14
73 7 14
73 9 14
73 10 14
73 12 14
73 18 14
73 22 14
73 25 14
73 28 14
74 5 14
74 19 14
74 21 14
75 1 14
75 5 14
75 8 14
75 25 14
76 2 14
76 5 14
76 10 14
76 26 14
80 2 14
80 6 14
80 23 14
80 25 14
81 0 14
82 26 14
82 27 14
83 4 14
83 8 14
83 16 14
83 18 14
83 25 14
84 18 14
85 24 14
85 29 14
87 10 14
0 6 16
0 9 16
0 10 16
0 19 16
0 23 16
0 28 16
0 30 16
0 33 16
0 40 16
0 47 16
0 48 16
0 49 16
0 57 16
1 2 16
1 8 16
1 15 16
2 0 16
2 1 16
2 13 16
2 15 16
2 16 16
2 24 16
2 36 16
3 6 16
3 15 16
3 20 16
3 26 16
3 30 16
3 40 16
3 41 16
3 43 16
3 44 16
3 49 16
3 51 16
3 52 16
3 53 16
3 54 16
4 16 16
4 20 16
4 27 16
4 39 16
4 51 16
5 1 16
5 3 16
5 5 16
5 13 16
5 16 16
5 24 16
5 31 16
5 35 16
5 39 16
5 42 16
5 43 16
5 49 16
5 50 16
5 55 16
6 1 16
6 8 16
6 28 16
6 43 16
7 31 16
7 41 16
7 47 16
9 4 16
9 9 16
9 15 16
9 17 16
9 20 16
9 25 16
9 27 16
9 34 16
9 39 16
9 42 16
9 46 16
10 0 16
10 4 16
10 9 16
10 11 16
10 12 16
10 14 16
10 15 16
10 17 16
10 18 16
10 19 16
10 20 16
10 25 16
10 26 16
10 30 16
10 31 16
10 32 16
10 33 16
10 36 16
10 39 16
10 43 16
10 45 16
10 46 16
10 47 16
10 49 16
11 13 16
11 19 16
11 27 16
11 30 16
11 32 16
12 0 16
12 12 16
12 17 16
12 21 16
12 23 16
12 33 16
12 38 16
12 47 16
14 1 16
14 2 16
14 15 16
14 27 16
14 29 16
14 32 16
14 36 16
15 0 16
15 11 16
16 16 16
17 26 16
17 28 16
17 29 16
17 34 16
17 35 16
17 48 16
17 59 16
18 6 16
18 12 16
18 28 16
18 38 16
18 43 16
19 1 16
19 2 16
19 3 16
19 4 16
19 5 16
19 7 16
19 8 16
19 9 16
19 10 16
19 12 16
19 13 16
19 14 16
19 15 16
19 17 16
19 18 16
19 19 16
19 20 16
19 21 16
19 23 16
19 24 16
19 25 16
19 26 16
19 28 16
19 29 16
19 30 16
19 31 16
19 32 16
19 33 16
19 34 16
19 35 16
19 37 16
19 39 16
19 40 16
19 41 16
19 42 16
19 43 16
19 44 16
19 46 16
20 1 16
20 2 16
20 3 16
20 4 16
20 5 16
20 6 16
20 7 16
20 8 16
20 11 16
20 13 16
20 15 16
20 16 16
20 19 16
20 21 16
20 22 16
20 23 16
20 24 16
20 25 16
20 26 16
20 29 16
20 33 16
20 35 16
20 36 16
20 41 16
20 42 16
20 43 16
20 44 16
20 45 16
20 46 16
20 47 16
20 49 16
21 1 16
21 14 16
21 56 16
22 2 16
22 15 16
22 16 16
22 24 16
22 27 16
22 33 16
22 36 16
22 46 16
22 49 16
22 50 16
24 11 16
24 14 16
24 17 16
24 23 16
24 28 16
24 38 16
24 39 16
24 47 16
24 50 16
24 51 16
24 54 16
24 78 16
25 2 16
25 14 16
25 17 16
25 19 16
25 24 16
25 33 16
25 49 16
25 54 16
25 62 16
26 38 16
26 42 16
26 47 16
27 2 16
27 3 16
27 5 16
27 13 16
27 14 16
27 16 16
27 22 16
27 23 16
27 26 16
27 27 16
27 28 16
27 33 16
27 34 16
27 35 16
27 36 16
27 37 16
27 38 16
27 40 16
27 49 16
27 50 16
27 53 16
27 59 16
27 61 16
28 2 16
28 13 16
28 23 16
28 29 16
28 32 16
28 44 16
28 46 16
28 51 16
28 52 16
30 13 16
30 19 16
30 32 16
30 33 16
30 43 16
30 48 16
31 16 16
31 27 16
31 28 16
32 33 16
33 10 16
33 14 16
33 16 16
33 21 16
33 34 16
35 4 16
35 8 16
36 6 16
36 9 16
36 12 16
36 21 16
37 16 16
37 18 16
37 35 16
37 42 16
38 43 16
39 6 16
39 19 16
40 4 16
40 7 16
40 16 16
40 19 16
40 25 16
40 37 16
41 3 16
42 36 16
43 4 16
43 8 16
43 9 16
43 10 16
43 13 16
43 14 16
43 17 16
43 20 16
43 21 16
43 22 16
43 26 16
43 33 16
43 40 16
43 41 16
43 45 16
43 46 16
44 1 16
44 14 16
44 17 16
44 21 16
44 22 16
44 24 16
44 31 16
44 40 16
44 45 16
44 47 16
45 4 16
45 13 16
45 16 16
45 24 16
45 30 16
45 42 16
45 45 16
45 47 16
46 39 16
47 9 16
47 12 16
47 16 16
47 31 16
47 41 16
48 9 16
48 11 16
48 13 16
48 19 16
48 27 16
48 34 16
48 38 16
49 20 16
49 21 16
49 25 16
49 29 16
49 31 16
49 45 16
49 47 16
50 5 16
50 6 16
50 8 16
50 13 16
50 14 16
50 20 16
50 28 16
50 29 16
50 32 16
50 39 16
50 42 16
50 44 16
50 46 16
50 47 16
51 34 16
51 45 16
52 1 16
52 2 16
52 16 16
52 35 16
53 0 16
53 8 16
53 10 16
53 11 16
53 12 16
53 14 16
53 17 16
53 33 16
53 34 16
53 38 16
53 40 16
53 41 16
53 44 16
54 4 16
54 5 16
54 8 16
54 17 16
54 20 16
54 26 16
54 30 16
54 35 16
54 40 16
54 41 16
54 42 16
55 3 16
55 12 16
55 32 16
55 46 16
56 2 16
56 15 16
56 24 16
56 40 16
56 41 16
56 44 16
57 0 16
57 2 16
57 4 16
57 17 16
57 20 16
57 22 16
57 36 16
57 37 16
57 39 16
57 42 16
57 47 16
59 13 16
59 18 16
59 24 16
59 27 16
59 36 16
59 37 16
59 39 16
60 5 16
60 7 16
60 13 16
60 17 16
60 29 16
61 4 16
61 19 16
61 20 16
61 22 16
61 28 16
62 27 16
63 23 16
63 24 16
64 10 16
64 20 16
65 7 16
65 8 16
65 10 16
65 14 16
65 19 16
65 20 16
65 24 16
66 5 16
66 13 16
66 23 16
67 10 16
67 22 16
67 23 16
67 24 16
67 25 16
68 7 16
68 10 16
68 13 16
69 8 16
69 11 16
69 13 16
70 12 16
71 1 16
71 14 16
71 21 16
72 16 16
72 24 16
73 4 16
73 5 16
73 9 16
73 10 16
73 11 16
73 13 16
73 24 16
73 25 16
73 28 16
74 18 16
74 26 16
75 1 16
76 2 16
76 8 16
76 9 16
76 15 16
76 17 16
77 13 16
78 2 16
78 15 16
80 1 16
80 6 16
80 25 16
81 6 16
81 18 16
81 22 16
81 27 16
82 2 16
82 27 16
82 28 16
83 2 16
83 17 16
83 29 16
85 16 16
85 29 16
86 1 16
86 12 16
87 7 16
87 9 16
0 5 18
0 6 18
0 10 18
0 18 18
0 19 18
0 47 18
0 49 18
0 52 18
0 57 18
1 8 18
1 12 18
1 13 18
2 0 18
2 14 18
2 15 18
3 3 18
3 6 18
3 13 18
3 15 18
3 16 18
3 18 18
3 23 18
3 26 18
3 29 18
3 30 18
3 31 18
3 33 18
3 37 18
3 40 18
3 43 18
3 46 18
3 52 18
3 54 18
5 3 18
5 4 18
5 9 18
5 16 18
5 21 18
5 26 18
5 31 18
5 32 18
5 55 18
6 1 18
6 10 18
6 17 18
6 22 18
6 25 18
6 43 18
6 50 18
7 25 18
9 4 18
9 8 18
9 14 18
9 15 18
9 17 18
9 20 18
9 27 18
9 32 18
9 34 18
9 38 18
9 42 18
9 44 18
9 46 18
10 0 18
10 4 18
10 8 18
10 11 18
10 12 18
10 15 18
10 17 18
10 18 18
10 19 18
10 26 18
10 30 18
10 31 18
10 32 18
10 33 18
10 36 18
10 46 18
10 47 18
10 49 18
11 13 18
11 19 18
11 21 18
11 22 18
11 25 18
11 30 18
12 0 18
12 19 18
12 21 18
12 37 18
12 43 18
13 7 18
14 9 18
14 19 18
14 22 18
14 23 18
14 29 18
14 32 18
14 36 18
14 37 18
14 49 18
17 5 18
17 7 18
17 16 18
17 21 18
17 22 18
17 34 18
17 47 18
17 58 18
17 62 18
18 20 18
18 38 18
18 43 18
18 46 18
19 1 18
19 2 18
19 3 18
19 4 18
19 5 18
19 6 18
19 7 18
19 9 18
19 10 18
19 12 18
19 13 18
19 15 18
19 17 18
19 18 18
19 19 18
19 20 18
19 21 18
19 23 18
19 24 18
19 25 18
19 27 18
19 28 18
19 29 18
19 30 18
19 31 18
19 32 18
19 33 18
19 35 18
19 37 18
19 39 18
19 41 18
19 42 18
19 43 18
20 1 18
20 2 18
20 3 18
20 4 18
20 5 18
20 6 18
20 7 18
20 8 18
20 9 18
20 11 18
20 13 18
20 15 18
20 16 18
20 18 18
20 19 18
20 20 18
20 21 18
20 22 18
20 24 18
20 25 18
20 26 18
20 29 18
20 30 18
20 31 18
20 32 18
20 33 18
20 34 18
20 35 18
20 36 18
20 37 18
20 41 18
20 42 18
20 43 18
20 44 18
20 45 18
20 46 18
20 47 18
20 49 18
21 12 18
21 14 18
22 5 18
22 19 18
22 42 18
22 43 18
24 1 18
24 3 18
24 4 18
24 5 18
24 9 18
24 11 18
24 17 18
24 21 18
24 22 18
24 23 18
24 27 18
24 28 18
24 30 18
24 35 18
24 40 18
24 41 18
24 44 18
24 45 18
24 47 18
24 57 18
24 58 18
24 62 18
24 76 18
24 82 18
25 3 18
25 12 18
25 17 18
25 20 18
25 37 18
25 42 18
25 47 18
26 16 18
26 17 18
26 30 18
26 42 18
26 47 18
26 48 18
27 1 18
27 2 18
27 3 18
27 4 18
27 5 18
27 8 18
27 14 18
27 16 18
27 20 18
27 22 18
27 28 18
27 30 18
27 32 18
27 33 18
27 34 18
27 38 18
27 40 18
27 42 18
27 45 18
27 48 18
27 49 18
27 52 18
27 54 18
27 58 18
27 61 18
28 4 18
28 13 18
28 15 18
28 16 18
28 28 18
28 29 18
28 36 18
28 41 18
28 50 18
28 51 18
28 70 18
30 10 18
30 11 18
30 13 18
30 30 18
32 20 18
32 43 18
33 8 18
33 10 18
33 14 18
33 16 18
33 18 18
33 21 18
33 32 18
33 34 18
34 22 18
34 25 18
34 37 18
35 4 18
36 6 18
36 36 18
37 4 18
37 12 18
37 18 18
37 35 18
37 42 18
38 25 18
38 28 18
39 3 18
39 14 18
39 19 18
40 11 18
40 19 18
40 25 18
40 37 18
40 38 18
42 0 18
42 36 18
42 41 18
43 6 18
43 8 18
43 9 18
43 10 18
43 13 18
43 17 18
43 19 18
43 20 18
43 21 18
43 33 18
43 41 18
43 43 18
43 46 18
44 1 18
44 12 18
44 14 18
44 17 18
44 24 18
44 45 18
44 47 18
45 19 18
45 24 18
45 42 18
45 47 18
46 39 18
47 7 18
47 9 18
47 19 18
47 41 18
48 1 18
48 4 18
48 9 18
48 19 18
48 34 18
48 36 18
48 37 18
48 47 18
49 6 18
49 15 18
49 20 18
49 29 18
50 1 18
50 5 18
50 6 18
50 8 18
50 13 18
50 14 18
50 17 18
50 18 18
50 20 18
50 21 18
50 28 18
50 31 18
50 32 18
50 38 18
50 42 18
50 46 18
50 47 18
52 2 18
52 9 18
52 35 18
52 43 18
52 45 18
53 0 18
53 5 18
53 8 18
53 10 18
53 11 18
53 12 18
53 14 18
53 17 18
53 25 18
53 26 18
53 33 18
53 35 18
53 38 18
53 41 18
53 47 18
54 0 18
54 5 18
54 12 18
54 20 18
54 28 18
54 30 18
54 41 18
54 42 18
54 45 18
54 46 18
56 2 18
56 6 18
56 12 18
56 24 18
56 39 18
56 41 18
57 0 18
57 14 18
57 17 18
57 20 18
57 22 18
57 37 18
57 39 18
57 47 18
59 0 18
59 12 18
59 13 18
59 24 18
59 36 18
59 42 18
60 1 18
60 6 18
60 9 18
60 14 18
60 16 18
60 17 18
60 19 18
60 25 18
61 1 18
61 4 18
61 6 18
62 4 18
62 18 18
62 23 18
62 26 18
62 27 18
63 13 18
63 23 18
64 10 18
64 22 18
65 8 18
67 4 18
67 5 18
67 7 18
67 9 18
67 10 18
67 13 18
67 20 18
67 23 18
69 8 18
69 10 18
69 19 18
69 27 18
71 3 18
71 14 18
71 23 18
71 27 18
72 1 18
72 28 18
73 1 18
73 5 18
73 11 18
73 13 18
73 19 18
73 24 18
73 28 18
74 0 18
74 10 18
74 26 18
74 27 18
75 6 18
75 27 18
76 18 18
77 10 18
78 1 18
78 13 18
78 21 18
79 19 18
80 13 18
80 16 18
80 18 18
80 24 18
80 25 18
80 27 18
81 6 18
81 9 18
81 11 18
81 17 18
82 2 18
82 28 18
83 2 18
83 9 18
83 17 18
83 28 18
85 0 18
85 8 18
85 29 18
86 14 18
87 16 18
0 4 20
0 5 20
0 16 20
0 37 20
0 49 20
1 5 20
1 13 20
2 0 20
2 14 20
2 15 20
2 17 20
2 34 20
3 3 20
3 5 20
3 7 20
3 15 20
3 21 20
3 24 20
3 34 20
3 36 20
3 37 20
3 40 20
3 45 20
3 46 20
3 49 20
3 50 20
3 52 20
3 54 20
4 6 20
5 3 20
5 4 20
5 7 20
5 9 20
5 16 20
5 22 20
5 25 20
5 26 20
5 31 20
5 33 20
5 47 20
5 55 20
6 10 20
6 17 20
6 19 20
6 22 20
6 25 20
6 30 20
6 43 20
6 45 20
9 4 20
9 8 20
9 9 20
9 14 20
9 15 20
9 22 20
9 25 20
9 26 20
9 27 20
9 37 20
9 38 20
9 39 20
9 42 20
9 44 20
9 46 20
10 0 20
10 1 20
10 2 20
10 4 20
10 5 20
10 7 20
10 8 20
10 12 20
10 15 20
10 17 20
10 18 20
10 19 20
10 22 20
10 25 20
10 26 20
10 30 20
10 31 20
10 32 20
10 35 20
10 36 20
10 41 20
10 46 20
10 47 20
10 49 20
11 21 20
11 30 20
11 41 20
12 5 20
12 7 20
12 15 20
12 21 20
12 25 20
12 26 20
12 39 20
12 48 20
14 15 20
14 19 20
14 23 20
14 25 20
14 34 20
14 36 20
14 37 20
14 40 20
14 41 20
15 18 20
15 31 20
15 44 20
17 6 20
17 7 20
17 16 20
17 19 20
17 21 20
17 26 20
17 31 20
17 32 20
17 37 20
17 49 20
17 52 20
18 34 20
18 43 20
18 46 20
19 2 20
19 10 20
19 11 20
19 13 20
19 15 20
19 17 20
19 18 20
19 20 20
19 25 20
19 40 20
19 41 20
19 45 20
19 46 20
20 1 20
20 2 20
20 3 20
20 5 20
20 6 20
20 8 20
20 10 20
20 13 20
20 14 20
20 15 20
20 16 20
20 19 20
20 20 20
20 21 20
20 25 20
20 26 20
20 27 20
20 31 20
20 32 20
20 34 20
20 39 20
20 40 20
20 42 20
20 43 20
20 44 20
20 46 20
20 47 20
20 49 20
21 36 20
22 37 20
23 14 20
23 23 20
23 24 20
23 40 20
24 11 20
24 16 20
24 23 20
24 24 20
24 25 20
24 30 20
24 34 20
24 40 20
24 55 20
24 57 20
24 60 20
24 62 20
24 63 20
24 79 20
24 83 20
25 18 20
25 23 20
25 24 20
25 25 20
25 42 20
25 47 20
26 16 20
26 28 20
26 41 20
26 42 20
26 47 20
27 2 20
27 3 20
27 4 20
27 8 20
27 9 20
27 13 20
27 14 20
27 15 20
27 16 20
27 17 20
27 19 20
27 20 20
27 22 20
27 23 20
27 24 20
27 29 20
27 30 20
27 32 20
27 33 20
27 34 20
27 38 20
27 40 20
27 42 20
27 43 20
27 49 20
27 54 20
27 56 20
27 58 20
27 62 20
27 63 20
28 6 20
28 15 20
28 17 20
28 20 20
28 37 20
28 41 20
28 45 20
28 50 20
30 13 20
32 11 20
32 20 20
32 43 20
33 10 20
33 14 20
33 18 20
33 34 20
34 22 20
34 23 20
34 27 20
35 4 20
35 11 20
37 1 20
37 4 20
37 11 20
37 18 20
37 34 20
37 35 20
37 38 20
37 40 20
37 42 20
38 19 20
40 24 20
40 25 20
41 41 20
42 22 20
42 41 20
43 8 20
43 9 20
43 10 20
43 13 20
43 17 20
43 20 20
43 30 20
43 33 20
43 41 20
43 42 20
43 43 20
43 46 20
44 1 20
44 6 20
44 15 20
44 24 20
44 25 20
44 30 20
44 43 20
45 32 20
46 18 20
46 28 20
46 35 20
47 0 20
47 3 20
47 4 20
47 7 20
47 15 20
47 19 20
47 20 20
47 41 20
47 47 20
48 4 20
48 18 20
48 19 20
48 26 20
48 29 20
48 30 20
48 31 20
48 34 20
48 37 20
48 47 20
49 5 20
49 6 20
49 15 20
49 27 20
49 36 20
49 38 20
49 40 20
50 0 20
50 4 20
50 11 20
50 14 20
50 18 20
50 20 20
50 21 20
50 22 20
50 25 20
50 28 20
50 31 20
50 32 20
50 37 20
50 38 20
50 42 20
50 45 20
50 46 20
50 47 20
52 0 20
52 4 20
52 8 20
52 9 20
52 43 20
53 0 20
53 5 20
53 8 20
53 9 20
53 10 20
53 12 20
53 14 20
53 18 20
53 25 20
53 33 20
53 40 20
53 41 20
53 45 20
54 0 20
54 4 20
54 6 20
54 12 20
54 16 20
54 20 20
54 21 20
54 30 20
54 37 20
54 42 20
54 46 20
54 47 20
55 24 20
55 29 20
56 2 20
56 16 20
56 26 20
56 41 20
56 45 20
57 10 20
57 22 20
57 39 20
57 45 20
59 0 20
59 4 20
59 6 20
59 18 20
59 21 20
59 24 20
59 28 20
59 36 20
59 37 20
60 1 20
60 9 20
60 10 20
60 14 20
61 1 20
61 6 20
62 18 20
62 26 20
63 5 20
63 9 20
63 10 20
63 11 20
63 23 20
63 25 20
63 28 20
64 10 20
64 14 20
64 22 20
65 3 20
65 4 20
65 7 20
65 8 20
65 15 20
66 17 20
66 18 20
66 21 20
66 27 20
67 2 20
67 4 20
67 7 20
67 8 20
67 28 20
67 29 20
68 15 20
69 12 20
69 19 20
71 5 20
71 27 20
73 1 20
73 7 20
73 11 20
73 14 20
73 15 20
73 18 20
73 21 20
74 27 20
75 13 20
76 3 20
76 6 20
76 7 20
76 13 20
76 18 20
76 22 20
76 23 20
77 5 20
77 10 20
77 13 20
77 17 20
78 21 20
79 21 20
79 24 20
80 16 20
81 3 20
81 16 20
81 20 20
82 10 20
82 28 20
83 2 20
83 6 20
83 11 20
83 14 20
83 20 20
85 17 20
86 5 20
87 4 20
87 19 20
0 0 22
0 16 22
0 20 22
0 22 22
0 43 22
0 45 22
0 54 22
0 55 22
1 6 22
1 7 22
2 0 22
2 3 22
2 6 22
2 14 22
2 17 22
2 19 22
2 23 22
2 27 22
2 29 22
2 32 22
3 3 22
3 4 22
3 5 22
3 11 22
3 12 22
3 21 22
3 24 22
3 26 22
3 34 22
3 37 22
3 39 22
3 40 22
3 41 22
3 43 22
3 44 22
3 45 22
3 49 22
3 50 22
3 51 22
3 52 22
3 54 22
4 36 22
5 9 22
5 25 22
5 31 22
5 55 22
6 1 22
6 4 22
6 5 22
6 12 22
6 18 22
6 19 22
6 22 22
6 25 22
6 26 22
6 30 22
6 55 22
8 5 22
9 1 22
9 4 22
9 8 22
9 14 22
9 15 22
9 17 22
9 22 22
9 25 22
9 26 22
9 36 22
9 38 22
9 39 22
9 42 22
9 43 22
9 44 22
9 46 22
10 0 22
10 1 22
10 2 22
10 4 22
10 5 22
10 7 22
10 8 22
10 11 22
10 12 22
10 15 22
10 17 22
10 18 22
10 21 22
10 22 22
10 23 22
10 24 22
10 25 22
10 26 22
10 29 22
10 30 22
10 31 22
10 35 22
10 36 22
10 40 22
10 42 22
10 43 22
10 46 22
10 47 22
10 49 22
11 16 22
11 18 22
11 21 22
11 33 22
11 35 22
11 38 22
11 49 22
12 1 22
12 7 22
12 9 22
12 15 22
12 16 22
12 21 22
14 6 22
14 15 22
14 23 22
14 25 22
14 34 22
14 37 22
15 21 22
15 39 22
15 44 22
15 48 22
16 1 22
16 2 22
16 7 22
16 8 22
16 17 22
16 19 22
16 25 22
16 27 22
16 34 22
16 35 22
16 36 22
16 41 22
16 42 22
16 43 22
16 49 22
17 6 22
17 7 22
17 9 22
17 10 22
17 32 22
17 41 22
17 49 22
17 52 22
17 55 22
17 56 22
17 57 22
17 58 22
17 60 22
17 61 22
18 4 22
18 9 22
18 23 22
18 48 22
18 52 22
19 12 22
19 15 22
19 17 22
19 20 22
19 25 22
19 40 22
19 45 22
19 46 22
20 1 22
20 2 22
20 3 22
20 5 22
20 6 22
20 8 22
20 10 22
20 13 22
20 20 22
20 21 22
20 25 22
20 26 22
20 27 22
20 28 22
20 31 22
20 32 22
20 34 22
20 39 22
20 40 22
20 42 22
20 43 22
20 47 22
20 49 22
21 12 22
21 31 22
21 32 22
21 43 22
21 53 22
22 37 22
23 3 22
23 12 22
23 22 22
23 26 22
23 30 22
23 37 22
23 40 22
24 17 22
24 24 22
24 28 22
24 30 22
24 40 22
24 57 22
24 62 22
25 28 22
25 30 22
25 42 22
26 16 22
26 32 22
26 40 22
26 42 22
27 2 22
27 3 22
27 4 22
27 5 22
27 8 22
27 10 22
27 11 22
27 13 22
27 14 22
27 16 22
27 17 22
27 21 22
27 22 22
27 23 22
27 27 22
27 28 22
27 29 22
27 30 22
27 32 22
27 33 22
27 35 22
27 37 22
27 38 22
27 41 22
27 42 22
27 43 22
27 45 22
27 46 22
27 47 22
27 49 22
27 54 22
27 55 22
27 57 22
27 58 22
27 63 22
27 64 22
28 7 22
28 67 22
29 13 22
29 19 22
29 20 22
29 25 22
29 49 22
30 13 22
33 4 22
33 35 22
34 22 22
36 24 22
36 33 22
37 3 22
37 16 22
37 18 22
37 34 22
37 35 22
37 36 22
37 38 22
37 40 22
37 42 22
38 24 22
39 39 22
40 2 22
40 12 22
40 25 22
42 15 22
42 20 22
42 41 22
42 44 22
42 45 22
43 6 22
43 8 22
43 9 22
43 10 22
43 13 22
43 16 22
43 17 22
43 18 22
43 20 22
43 21 22
43 22 22
43 26 22
43 28 22
43 30 22
43 33 22
43 36 22
43 37 22
43 41 22
43 42 22
43 46 22
44 15 22
44 17 22
44 25 22
44 30 22
44 33 22
45 25 22
46 23 22
47 10 22
47 11 22
47 15 22
47 20 22
47 21 22
47 41 22
48 1 22
48 14 22
48 18 22
48 19 22
48 22 22
48 25 22
48 26 22
48 30 22
48 34 22
48 37 22
48 47 22
49 3 22
49 18 22
49 27 22
49 32 22
49 36 22
50 3 22
50 4 22
50 6 22
50 18 22
50 20 22
50 22 22
50 27 22
50 28 22
50 31 22
50 33 22
50 37 22
50 42 22
50 45 22
50 46 22
50 47 22
51 46 22
52 13 22
52 16 22
52 20 22
52 30 22
52 37 22
52 38 22
52 40 22
53 0 22
53 1 22
53 3 22
53 4 22
53 8 22
53 10 22
53 12 22
53 17 22
53 20 22
53 21 22
53 26 22
53 32 22
53 33 22
53 41 22
53 45 22
53 47 22
54 0 22
54 4 22
54 5 22
54 6 22
54 19 22
54 20 22
54 22 22
54 24 22
54 27 22
54 31 22
54 32 22
54 37 22
54 39 22
54 40 22
54 46 22
55 24 22
56 2 22
56 20 22
56 21 22
56 24 22
56 39 22
56 41 22
57 5 22
57 12 22
57 17 22
57 26 22
57 33 22
57 35 22
57 39 22
57 40 22
57 42 22
57 45 22
58 11 22
59 0 22
59 4 22
59 36 22
59 38 22
59 46 22
60 3 22
60 4 22
60 8 22
60 10 22
60 12 22
60 18 22
61 0 22
61 1 22
61 3 22
61 18 22
61 20 22
62 8 22
62 10 22
62 18 22
63 5 22
63 23 22
64 1 22
64 14 22
64 15 22
64 20 22
64 22 22
64 28 22
65 0 22
65 2 22
65 3 22
65 7 22
65 8 22
65 15 22
65 17 22
65 18 22
65 21 22
65 22 22
65 25 22
65 26 22
65 27 22
66 6 22
66 12 22
66 14 22
66 18 22
66 19 22
67 0 22
67 7 22
67 8 22
67 12 22
67 13 22
69 19 22
69 28 22
72 0 22
72 3 22
72 12 22
73 0 22
73 1 22
73 11 22
73 14 22
73 15 22
73 16 22
73 20 22
73 21 22
73 23 22
73 28 22
74 18 22
74 27 22
76 0 22
76 3 22
76 11 22
76 18 22
76 19 22
76 29 22
77 5 22
77 8 22
77 10 22
77 22 22
78 0 22
78 27 22
79 0 22
79 6 22
79 25 22
81 1 22
81 8 22
81 16 22
81 19 22
82 9 22
82 18 22
82 19 22
82 20 22
83 2 22
83 6 22
83 14 22
83 17 22
84 15 22
86 22 22
86 24 22
87 4 22
87 24 22
0 6 24
0 15 24
0 18 24
0 25 24
0 29 24
0 31 24
0 45 24
0 54 24
1 7 24
1 18 24
2 4 24
2 14 24
2 19 24
2 23 24
2 27 24
2 32 24
2 33 24
3 1 24
3 3 24
3 12 24
3 17 24
3 22 24
3 24 24
3 26 24
3 32 24
3 34 24
3 37 24
3 39 24
3 43 24
3 44 24
3 45 24
3 51 24
3 52 24
3 54 24
4 9 24
4 36 24
5 9 24
5 12 24
5 13 24
5 23 24
5 25 24
5 32 24
5 39 24
5 42 24
5 50 24
5 55 24
6 5 24
6 12 24
6 18 24
6 19 24
6 22 24
6 30 24
8 38 24
9 0 24
9 1 24
9 2 24
9 8 24
9 14 24
9 15 24
9 17 24
9 21 24
9 22 24
9 25 24
9 30 24
9 31 24
9 36 24
9 38 24
9 39 24
9 41 24
9 43 24
9 46 24
10 0 24
10 1 24
10 2 24
10 4 24
10 8 24
10 9 24
10 11 24
10 12 24
10 15 24
10 16 24
10 17 24
10 18 24
10 20 24
10 21 24
10 23 24
10 25 24
10 26 24
10 27 24
10 29 24
10 30 24
10 31 24
10 33 24
10 34 24
10 35 24
10 36 24
10 37 24
10 39 24
10 40 24
10 42 24
10 43 24
10 45 24
10 49 24
11 3 24
11 33 24
11 38 24
11 39 24
12 1 24
12 9 24
12 15 24
12 21 24
12 22 24
12 26 24
12 27 24
14 1 24
14 4 24
14 9 24
14 15 24
14 23 24
14 24 24
14 30 24
14 31 24
14 34 24
14 37 24
16 16 24
16 32 24
16 49 24
17 1 24
17 9 24
17 21 24
17 31 24
17 36 24
17 43 24
17 44 24
17 45 24
17 49 24
17 52 24
17 61 24
17 63 24
17 65 24
18 0 24
18 4 24
18 7 24
18 9 24
18 54 24
19 18 24
19 20 24
19 27 24
19 34 24
20 1 24
20 2 24
20 3 24
20 4 24
20 5 24
20 6 24
20 8 24
20 9 24
20 10 24
20 13 24
20 14 24
20 19 24
20 20 24
20 21 24
20 24 24
20 25 24
20 26 24
20 27 24
20 28 24
20 30 24
20 31 24
20 34 24
20 37 24
20 38 24
20 39 24
20 40 24
20 41 24
20 42 24
20 43 24
20 47 24
20 48 24
20 49 24
23 1 24
23 2 24
23 3 24
23 4 24
24 7 24
24 26 24
24 28 24
24 84 24
25 0 24
25 2 24
25 17 24
25 28 24
25 33 24
25 40 24
25 42 24
25 52 24
26 4 24
26 10 24
26 16 24
26 17 24
26 29 24
26 32 24
26 34 24
26 35 24
26 46 24
26 47 24
27 2 24
27 3 24
27 4 24
27 5 24
27 13 24
27 14 24
27 18 24
27 21 24
27 22 24
27 23 24
27 25 24
27 27 24
27 35 24
27 37 24
27 44 24
27 46 24
27 47 24
27 48 24
27 49 24
27 50 24
27 51 24
27 53 24
27 54 24
27 57 24
27 58 24
27 59 24
27 60 24
27 62 24
27 63 24
28 54 24
29 8 24
29 13 24
29 16 24
29 18 24
29 19 24
29 20 24
29 25 24
29 77 24
30 13 24
31 13 24
32 0 24
33 35 24
33 39 24
34 16 24
34 22 24
35 36 24
35 38 24
36 27 24
36 34 24
37 4 24
37 6 24
37 12 24
37 18 24
37 35 24
37 36 24
37 40 24
37 42 24
39 31 24
41 39 24
42 1 24
42 2 24
42 9 24
42 20 24
42 22 24
42 33 24
42 39 24
42 40 24
42 41 24
42 42 24
42 44 24
42 47 24
43 0 24
43 1 24
43 2 24
43 3 24
43 4 24
43 5 24
43 6 24
43 8 24
43 9 24
43 10 24
43 11 24
43 12 24
43 13 24
43 14 24
43 16 24
43 17 24
43 18 24
43 19 24
43 20 24
43 21 24
43 22 24
43 23 24
43 25 24
43 28 24
43 30 24
43 31 24
43 33 24
43 34 24
43 36 24
43 37 24
43 38 24
43 40 24
43 41 24
43 42 24
43 45 24
43 46 24
43 47 24
44 15 24
44 17 24
44 21 24
44 25 24
44 30 24
45 4 24
45 11 24
45 16 24
45 32 24
46 19 24
48 1 24
48 2 24
48 15 24
48 19 24
48 25 24
48 26 24
48 32 24
48 34 24
48 45 24
48 46 24
48 47 24
49 3 24
49 9 24
49 32 24
49 34 24
49 35 24
49 36 24
49 47 24
50 1 24
50 4 24
50 5 24
50 6 24
50 12 24
50 14 24
50 20 24
50 27 24
50 28 24
50 31 24
50 33 24
50 35 24
50 37 24
50 40 24
50 42 24
50 46 24
50 47 24
51 4 24
52 0 24
52 3 24
52 6 24
52 17 24
52 30 24
52 38 24
52 40 24
52 42 24
53 2 24
53 5 24
53 10 24
53 11 24
53 12 24
53 13 24
53 14 24
53 17 24
53 18 24
53 20 24
53 24 24
53 26 24
53 28 24
53 33 24
53 35 24
53 38 24
53 40 24
53 41 24
53 45 24
54 5 24
54 6 24
54 8 24
54 13 24
54 15 24
54 19 24
54 20 24
54 22 24
54 24 24
54 27 24
54 28 24
54 31 24
54 34 24
54 37 24
54 40 24
54 45 24
54 46 24
55 0 24
56 2 24
56 20 24
56 36 24
56 39 24
57 8 24
57 12 24
57 13 24
57 15 24
57 17 24
57 18 24
57 24 24
57 35 24
57 40 24
59 7 24
59 16 24
59 27 24
60 18 24
60 25 24
61 3 24
61 18 24
61 19 24
62 5 24
62 8 24
62 17 24
62 18 24
63 5 24
63 14 24
64 1 24
64 7 24
64 14 24
64 15 24
64 20 24
65 2 24
65 7 24
65 8 24
65 9 24
65 10 24
65 13 24
65 14 24
65 15 24
65 19 24
65 20 24
65 21 24
65 22 24
65 25 24
65 26 24
65 29 24
66 7 24
66 20 24
67 0 24
67 1 24
67 7 24
67 8 24
67 9 24
67 10 24
67 11 24
67 12 24
67 18 24
67 23 24
67 28 24
69 0 24
69 10 24
69 16 24
69 19 24
69 23 24
71 22 24
71 26 24
71 29 24
72 0 24
72 12 24
72 14 24
73 1 24
73 14 24
73 23 24
74 1 24
74 20 24
74 27 24
75 23 24
76 2 24
76 8 24
76 11 24
76 18 24
76 19 24
76 22 24
76 29 24
77 6 24
77 8 24
77 13 24
77 24 24
78 8 24
78 19 24
78 20 24
78 24 24
78 29 24
79 2 24
79 5 24
79 6 24
79 13 24
79 18 24
79 25 24
80 4 24
80 11 24
80 24 24
80 25 24
80 27 24
81 0 24
81 4 24
81 9 24
81 10 24
81 13 24
81 14 24
81 22 24
81 24 24
82 0 24
82 11 24
82 12 24
82 17 24
82 21 24
82 25 24
82 29 24
83 6 24
83 9 24
83 14 24
83 17 24
83 26 24
83 27 24
84 27 24
85 2 24
87 0 24
0 4 26
0 7 26
0 15 26
0 31 26
0 34 26
0 42 26
1 7 26
1 18 26
2 27 26
2 28 26
2 32 26
2 33 26
3 1 26
3 3 26
3 6 26
3 11 26
3 12 26
3 17 26
3 22 26
3 26 26
3 32 26
3 34 26
3 37 26
3 44 26
3 51 26
3 52 26
3 54 26
4 9 26
4 42 26
4 49 26
5 9 26
5 13 26
5 18 26
5 23 26
5 29 26
5 35 26
5 38 26
5 39 26
5 50 26
5 55 26
6 7 26
6 12 26
6 15 26
6 19 26
6 50 26
7 5 26
7 14 26
7 19 26
8 11 26
8 16 26
8 23 26
8 32 26
9 1 26
9 2 26
9 4 26
9 8 26
9 14 26
9 21 26
9 25 26
9 27 26
9 32 26
9 36 26
9 42 26
9 43 26
10 0 26
10 1 26
10 2 26
10 4 26
10 5 26
10 8 26
10 9 26
10 11 26
10 12 26
10 15 26
10 17 26
10 18 26
10 20 26
10 21 26
10 23 26
10 25 26
10 26 26
10 27 26
10 30 26
10 31 26
10 33 26
10 34 26
10 37 26
10 39 26
10 40 26
10 41 26
10 42 26
10 43 26
10 45 26
10 49 26
11 29 26
11 43 26
12 1 26
12 15 26
12 21 26
13 7 26
13 8 26
13 15 26
13 22 26
13 24 26
13 27 26
13 29 26
13 32 26
13 33 26
13 44 26
13 46 26
14 4 26
14 9 26
14 12 26
14 15 26
14 21 26
14 23 26
14 24 26
14 32 26
14 34 26
14 36 26
16 16 26
16 32 26
16 49 26
17 0 26
17 4 26
17 6 26
17 7 26
17 21 26
17 22 26
17 25 26
17 45 26
17 47 26
17 49 26
17 53 26
17 59 26
17 65 26
18 0 26
18 2 26
18 24 26
18 27 26
18 34 26
18 35 26
18 39 26
18 48 26
18 54 26
19 11 26
19 13 26
19 16 26
19 18 26
19 20 26
19 26 26
19 27 26
19 34 26
19 39 26
20 1 26
20 2 26
20 3 26
20 4 26
20 5 26
20 6 26
20 10 26
20 11 26
20 14 26
20 15 26
20 18 26
20 20 26
20 21 26
20 24 26
20 26 26
20 27 26
20 28 26
20 30 26
20 31 26
20 34 26
20 35 26
20 39 26
20 40 26
20 41 26
20 43 26
20 45 26
20 47 26
20 48 26
20 49 26
22 0 26
22 27 26
22 29 26
22 36 26
24 7 26
24 26 26
24 38 26
24 39 26
24 52 26
24 80 26
25 2 26
25 5 26
25 17 26
26 2 26
26 4 26
26 16 26
26 31 26
27 1 26
27 2 26
27 3 26
27 4 26
27 7 26
27 8 26
27 11 26
27 13 26
27 14 26
27 18 26
27 21 26
27 22 26
27 23 26
27 24 26
27 25 26
27 32 26
27 35 26
27 43 26
27 46 26
27 48 26
27 49 26
27 50 26
27 51 26
27 54 26
27 56 26
27 57 26
27 62 26
27 63 26
27 64 26
28 5 26
28 6 26
28 12 26
28 24 26
28 27 26
28 47 26
28 54 26
28 57 26
29 13 26
30 13 26
31 12 26
31 13 26
32 20 26
32 35 26
33 35 26
34 22 26
34 27 26
35 11 26
35 12 26
35 38 26
36 27 26
37 2 26
37 4 26
37 6 26
37 9 26
37 27 26
37 28 26
37 35 26
37 40 26
37 42 26
41 14 26
41 39 26
42 9 26
42 10 26
42 20 26
42 22 26
42 37 26
42 40 26
42 41 26
42 44 26
42 47 26
43 0 26
43 1 26
43 2 26
43 3 26
43 4 26
43 6 26
43 8 26
43 9 26
43 10 26
43 11 26
43 13 26
43 14 26
43 15 26
43 16 26
43 17 26
43 18 26
43 19 26
43 20 26
43 25 26
43 27 26
43 28 26
43 30 26
43 31 26
43 33 26
43 34 26
43 36 26
43 40 26
43 41 26
43 47 26
44 0 26
44 8 26
44 15 26
44 25 26
44 30 26
44 45 26
45 10 26
45 16 26
45 19 26
45 22 26
45 44 26
46 19 26
48 2 26
48 15 26
48 17 26
48 19 26
48 26 26
48 29 26
48 31 26
48 32 26
48 34 26
48 45 26
48 46 26
49 0 26
49 1 26
49 2 26
49 3 26
49 4 26
49 5 26
49 6 26
49 7 26
49 9 26
49 10 26
49 11 26
49 12 26
49 13 26
49 14 26
49 15 26
49 19 26
49 20 26
49 21 26
49 22 26
49 24 26
49 25 26
49 26 26
49 29 26
49 31 26
49 32 26
49 33 26
49 34 26
49 35 26
49 36 26
49 37 26
49 38 26
49 39 26
49 40 26
49 41 26
49 42 26
49 43 26
49 45 26
49 46 26
49 47 26
50 0 26
50 1 26
50 4 26
50 5 26
50 10 26
50 11 26
50 12 26
50 14 26
50 16 26
50 18 26
50 25 26
50 27 26
50 29 26
50 31 26
50 33 26
50 35 26
50 37 26
50 39 26
50 40 26
50 46 26
50 47 26
51 17 26
52 0 26
52 4 26
52 13 26
52 16 26
52 22 26
52 26 26
53 2 26
53 5 26
53 8 26
53 9 26
53 10 26
53 12 26
53 13 26
53 14 26
53 26 26
53 33 26
53 38 26
53 40 26
53 41 26
53 42 26
53 46 26
54 3 26
54 6 26
54 11 26
54 15 26
54 16 26
54 24 26
54 31 26
54 32 26
54 34 26
54 40 26
54 43 26
54 45 26
54 46 26
55 11 26
55 14 26
57 3 26
57 6 26
57 8 26
57 12 26
57 17 26
57 22 26
57 24 26
57 25 26
57 26 26
57 31 26
57 39 26
57 40 26
58 12 26
58 26 26
59 7 26
60 18 26
60 25 26
61 3 26
61 10 26
61 20 26
62 17 26
62 29 26
63 5 26
64 1 26
64 3 26
64 10 26
64 14 26
64 15 26
64 18 26
64 21 26
64 25 26
64 28 26
65 15 26
65 24 26
65 29 26
66 7 26
66 18 26
66 19 26
67 3 26
67 10 26
67 11 26
67 18 26
67 19 26
67 25 26
67 28 26
67 29 26
69 0 26
69 4 26
69 10 26
69 17 26
69 18 26
70 22 26
71 3 26
71 22 26
71 29 26
74 0 26
74 8 26
75 1 26
75 23 26
75 24 26
76 0 26
76 7 26
76 9 26
76 10 26
76 11 26
76 18 26
76 22 26
76 24 26
77 8 26
77 13 26
77 14 26
77 18 26
77 19 26
77 23 26
78 8 26
78 19 26
78 20 26
78 22 26
78 23 26
78 24 26
79 1 26
79 5 26
79 6 26
80 4 26
80 10 26
80 16 26
80 17 26
80 22 26
80 25 26
80 27 26
81 0 26
81 7 26
81 9 26
81 11 26
81 13 26
81 16 26
82 4 26
82 6 26
82 11 26
82 17 26
82 21 26
82 24 26
82 27 26
83 0 26
83 7 26
83 8 26
83 19 26
83 24 26
83 27 26
84 21 26
84 27 26
85 11 26
85 24 26
86 6 26
86 20 26
86 24 26
86 26 26
87 25 26
