2 23 0
4 11 0
5 43 0
5 52 0
7 22 0
9 42 0
10 7 0
10 15 0
10 19 0
10 27 0
10 44 0
10 48 0
12 27 0
12 42 0
13 22 0
13 42 0
14 15 0
14 44 0
16 41 0
17 8 0
19 37 0
19 46 0
21 9 0
21 43 0
21 53 0
22 50 0
23 20 0
25 10 0
25 52 0
26 39 0
30 1 0
30 52 0
30 59 0
32 47 0
33 22 0
34 2 0
34 5 0
34 26 0
34 34 0
34 41 0
35 11 0
35 34 0
36 16 0
38 2 0
38 22 0
39 2 0
39 14 0
39 22 0
40 13 0
40 15 0
40 26 0
40 35 0
40 36 0
41 19 0
41 33 0
41 38 0
41 42 0
42 32 0
43 39 0
44 21 0
44 36 0
45 0 0
45 8 0
45 14 0
47 39 0
48 14 0
48 32 0
49 11 0
49 14 0
49 16 0
50 38 0
51 13 0
51 38 0
52 4 0
52 19 0
52 40 0
52 41 0
53 1 0
53 19 0
53 40 0
53 41 0
54 4 0
54 19 0
54 26 0
54 35 0
54 39 0
54 40 0
54 46 0
55 1 0
55 5 0
55 12 0
55 23 0
55 27 0
55 38 0
56 8 0
56 28 0
56 45 0
57 4 0
57 5 0
57 8 0
58 19 0
59 19 0
59 33 0
59 38 0
59 41 0
60 20 0
61 2 0
61 20 0
64 28 0
67 17 0
67 23 0
74 7 0
74 19 0
76 1 0
76 2 0
76 17 0
77 1 0
77 14 0
77 24 0
77 26 0
79 19 0
81 4 0
81 12 0
82 14 0
0 16 2
1 3 2
1 10 2
4 1 2
4 7 2
4 10 2
4 13 2
4 38 2
4 39 2
4 42 2
4 57 2
4 58 2
5 0 2
5 8 2
5 11 2
6 10 2
7 16 2
8 22 2
10 11 2
10 12 2
10 13 2
10 18 2
10 31 2
10 47 2
11 7 2
12 11 2
12 18 2
12 19 2
12 45 2
14 14 2
14 27 2
14 45 2
14 49 2
15 34 2
15 42 2
16 24 2
16 34 2
16 41 2
17 26 2
17 32 2
17 61 2
18 8 2
18 27 2
18 47 2
18 56 2
19 15 2
19 16 2
19 42 2
20 37 2
20 48 2
21 1 2
21 6 2
21 9 2
21 34 2
21 52 2
21 54 2
21 55 2
21 56 2
21 60 2
23 4 2
23 8 2
23 10 2
23 12 2
23 34 2
23 35 2
24 1 2
24 5 2
24 9 2
24 38 2
24 55 2
24 72 2
24 73 2
24 74 2
25 9 2
25 10 2
25 50 2
25 52 2
25 53 2
25 54 2
25 58 2
26 35 2
26 39 2
27 1 2
27 4 2
27 56 2
28 5 2
28 39 2
29 40 2
30 16 2
30 33 2
30 59 2
32 16 2
32 17 2
32 23 2
32 35 2
32 45 2
32 49 2
32 53 2
32 56 2
33 4 2
33 6 2
33 8 2
33 17 2
33 41 2
34 26 2
35 2 2
35 22 2
35 41 2
36 2 2
37 5 2
38 10 2
38 20 2
38 28 2
38 32 2
38 41 2
40 17 2
41 36 2
42 1 2
42 3 2
42 27 2
43 3 2
43 25 2
43 45 2
44 3 2
44 6 2
44 12 2
44 19 2
44 20 2
44 31 2
44 40 2
44 45 2
45 45 2
46 32 2
46 35 2
46 40 2
47 1 2
47 4 2
47 8 2
47 11 2
47 12 2
47 19 2
47 25 2
47 27 2
47 31 2
47 35 2
47 37 2
47 38 2
47 40 2
47 46 2
48 1 2
48 2 2
48 16 2
48 33 2
49 45 2
50 16 2
50 35 2
50 37 2
50 38 2
51 10 2
51 19 2
51 31 2
53 6 2
53 7 2
53 11 2
53 25 2
53 32 2
53 44 2
54 9 2
54 12 2
54 13 2
54 14 2
54 15 2
54 23 2
54 28 2
54 33 2
54 37 2
54 45 2
55 1 2
55 17 2
55 25 2
55 35 2
55 45 2
56 4 2
56 11 2
56 12 2
56 19 2
56 31 2
57 12 2
57 19 2
57 22 2
57 41 2
57 46 2
58 10 2
58 12 2
58 39 2
58 42 2
58 45 2
59 3 2
59 12 2
59 18 2
59 27 2
59 39 2
59 42 2
60 2 2
60 8 2
61 1 2
61 2 2
61 4 2
61 14 2
61 18 2
61 19 2
61 20 2
61 22 2
62 17 2
63 1 2
63 10 2
63 11 2
63 12 2
63 15 2
63 18 2
63 19 2
63 24 2
64 3 2
64 6 2
64 8 2
64 12 2
64 15 2
64 19 2
64 24 2
64 28 2
65 6 2
65 16 2
65 20 2
65 23 2
67 5 2
67 16 2
68 3 2
68 16 2
69 11 2
70 7 2
70 18 2
70 19 2
72 1 2
73 10 2
73 11 2
73 24 2
74 1 2
74 2 2
74 6 2
74 11 2
74 15 2
74 22 2
74 25 2
75 28 2
76 4 2
76 5 2
76 7 2
76 13 2
76 17 2
76 27 2
77 6 2
77 9 2
77 11 2
77 24 2
77 26 2
77 28 2
78 1 2
78 3 2
78 21 2
79 8 2
79 11 2
79 13 2
79 14 2
79 17 2
79 19 2
79 20 2
79 22 2
79 26 2
79 27 2
79 29 2
81 7 2
81 8 2
81 19 2
81 20 2
81 24 2
82 8 2
82 23 2
83 1 2
83 17 2
84 1 2
85 0 2
85 13 2
86 9 2
0 34 4
0 38 4
2 17 4
4 6 4
4 11 4
4 15 4
4 21 4
4 38 4
4 43 4
5 0 4
5 41 4
5 56 4
6 11 4
6 32 4
7 14 4
7 38 4
7 43 4
7 46 4
8 7 4
8 16 4
9 16 4
10 5 4
10 17 4
10 18 4
10 27 4
10 35 4
10 37 4
10 38 4
10 43 4
11 7 4
11 27 4
11 29 4
11 37 4
11 42 4
12 4 4
12 18 4
12 19 4
12 26 4
13 16 4
14 7 4
14 20 4
14 36 4
14 41 4
14 42 4
14 43 4
14 45 4
14 49 4
15 16 4
15 34 4
16 24 4
16 42 4
17 21 4
17 26 4
17 37 4
17 64 4
18 33 4
18 57 4
19 4 4
19 5 4
19 6 4
19 42 4
19 44 4
19 45 4
20 5 4
20 6 4
21 6 4
21 7 4
21 10 4
21 19 4
21 24 4
21 35 4
21 39 4
21 41 4
21 53 4
21 59 4
22 42 4
22 50 4
22 51 4
23 1 4
23 8 4
23 10 4
23 28 4
23 34 4
23 36 4
23 43 4
23 46 4
24 4 4
24 6 4
24 16 4
24 34 4
24 38 4
24 67 4
24 72 4
24 74 4
24 83 4
25 32 4
26 8 4
26 28 4
26 39 4
27 56 4
28 16 4
28 19 4
28 56 4
28 60 4
28 61 4
28 64 4
28 71 4
29 49 4
30 8 4
30 33 4
31 20 4
32 4 4
32 16 4
32 19 4
32 48 4
32 49 4
32 50 4
32 55 4
33 4 4
33 19 4
34 22 4
34 33 4
34 34 4
35 22 4
35 34 4
36 9 4
36 15 4
36 17 4
36 27 4
36 34 4
36 38 4
36 40 4
37 28 4
37 34 4
38 3 4
38 4 4
38 7 4
38 26 4
38 46 4
39 2 4
39 3 4
39 22 4
40 12 4
40 22 4
40 34 4
41 28 4
42 3 4
42 8 4
42 10 4
42 40 4
43 31 4
43 42 4
44 6 4
44 15 4
45 3 4
45 4 4
45 8 4
45 14 4
45 20 4
45 26 4
45 27 4
45 33 4
45 36 4
45 37 4
45 39 4
45 40 4
46 19 4
47 0 4
47 6 4
47 20 4
47 21 4
47 36 4
47 45 4
48 11 4
48 13 4
48 16 4
48 28 4
48 31 4
48 40 4
49 10 4
49 25 4
50 1 4
50 21 4
50 27 4
50 40 4
51 5 4
51 19 4
51 31 4
51 36 4
51 42 4
53 1 4
53 6 4
53 7 4
53 9 4
53 22 4
53 25 4
53 31 4
53 38 4
53 44 4
53 45 4
54 0 4
54 4 4
54 7 4
54 8 4
54 10 4
54 20 4
54 22 4
55 3 4
56 1 4
56 4 4
56 7 4
56 22 4
56 35 4
56 36 4
58 2 4
58 3 4
58 41 4
58 44 4
59 0 4
59 3 4
59 9 4
59 10 4
59 42 4
59 45 4
60 0 4
60 14 4
60 15 4
60 21 4
60 29 4
61 5 4
61 11 4
61 13 4
61 16 4
61 22 4
61 23 4
62 15 4
62 24 4
63 10 4
63 13 4
63 24 4
63 29 4
64 6 4
64 8 4
64 28 4
65 6 4
65 16 4
65 19 4
65 23 4
66 11 4
66 14 4
66 15 4
67 1 4
67 2 4
67 16 4
67 17 4
68 17 4
69 9 4
69 23 4
69 28 4
70 9 4
70 18 4
70 19 4
71 3 4
71 14 4
71 28 4
72 16 4
72 24 4
73 8 4
73 19 4
74 7 4
74 13 4
74 16 4
74 26 4
75 2 4
75 16 4
75 28 4
76 4 4
76 8 4
76 11 4
76 15 4
76 16 4
76 21 4
77 15 4
77 21 4
77 22 4
77 23 4
77 25 4
78 1 4
78 8 4
78 11 4
78 18 4
78 19 4
78 20 4
79 2 4
79 16 4
79 17 4
79 22 4
79 25 4
79 27 4
81 1 4
81 10 4
81 11 4
81 27 4
81 29 4
82 11 4
82 12 4
84 1 4
84 11 4
84 12 4
85 13 4
85 16 4
85 20 4
85 22 4
86 1 4
86 13 4
86 20 4
86 28 4
87 12 4
87 25 4
0 4 6
1 3 6
2 0 6
4 3 6
4 5 6
4 11 6
4 12 6
4 22 6
4 23 6
4 49 6
5 10 6
5 11 6
5 28 6
6 11 6
6 20 6
6 48 6
7 3 6
7 14 6
7 29 6
7 47 6
8 29 6
8 41 6
9 26 6
10 19 6
10 20 6
10 43 6
12 4 6
12 5 6
12 16 6
12 22 6
12 26 6
12 31 6
12 32 6
13 5 6
13 27 6
14 12 6
14 13 6
14 16 6
14 25 6
14 35 6
14 36 6
14 39 6
14 44 6
15 7 6
16 47 6
17 4 6
17 8 6
17 32 6
17 43 6
17 50 6
17 55 6
18 8 6
18 12 6
18 16 6
18 28 6
18 29 6
18 33 6
18 43 6
18 44 6
18 56 6
19 3 6
19 7 6
19 8 6
19 9 6
19 16 6
19 21 6
19 25 6
19 35 6
19 40 6
19 45 6
21 1 6
21 4 6
21 8 6
21 9 6
21 15 6
21 16 6
21 20 6
21 21 6
21 25 6
21 32 6
21 37 6
21 41 6
21 42 6
21 47 6
21 49 6
21 51 6
21 52 6
21 53 6
21 55 6
21 56 6
22 4 6
22 9 6
22 38 6
22 50 6
23 35 6
24 8 6
24 10 6
24 19 6
24 67 6
24 73 6
24 83 6
25 8 6
25 20 6
25 27 6
25 36 6
25 53 6
26 9 6
26 24 6
26 30 6
26 35 6
26 39 6
27 33 6
27 61 6
28 5 6
28 40 6
28 49 6
28 67 6
28 69 6
28 71 6
29 6 6
29 8 6
29 20 6
29 41 6
29 50 6
29 55 6
29 71 6
29 78 6
30 49 6
32 7 6
32 17 6
32 50 6
33 2 6
33 20 6
35 1 6
35 39 6
36 0 6
36 4 6
36 8 6
36 16 6
38 1 6
38 46 6
39 2 6
39 4 6
39 11 6
39 12 6
39 17 6
40 1 6
40 17 6
40 18 6
42 1 6
42 3 6
42 6 6
42 10 6
42 19 6
42 23 6
42 25 6
42 32 6
42 47 6
43 15 6
43 45 6
43 46 6
44 25 6
44 31 6
45 0 6
45 7 6
45 45 6
46 3 6
46 12 6
46 15 6
47 2 6
47 15 6
47 17 6
47 18 6
47 35 6
48 10 6
48 13 6
48 27 6
48 40 6
49 9 6
49 19 6
51 0 6
51 4 6
51 17 6
51 23 6
51 27 6
51 30 6
52 0 6
52 10 6
52 16 6
52 24 6
52 30 6
53 28 6
53 39 6
53 44 6
53 45 6
54 1 6
54 2 6
54 6 6
54 17 6
54 37 6
54 40 6
54 42 6
55 3 6
55 42 6
55 45 6
56 3 6
56 6 6
56 10 6
56 32 6
57 3 6
57 29 6
57 31 6
58 3 6
59 11 6
59 16 6
59 24 6
59 33 6
59 38 6
59 45 6
60 2 6
60 9 6
60 18 6
60 19 6
61 3 6
61 15 6
61 24 6
62 4 6
62 7 6
62 8 6
62 10 6
62 15 6
62 16 6
63 1 6
63 11 6
63 17 6
63 25 6
64 9 6
64 26 6
65 9 6
65 11 6
65 16 6
65 19 6
65 20 6
66 18 6
67 1 6
67 9 6
69 1 6
69 5 6
69 11 6
70 8 6
70 21 6
70 28 6
71 14 6
71 22 6
72 14 6
72 16 6
72 21 6
72 25 6
72 28 6
73 2 6
73 19 6
73 29 6
74 13 6
74 16 6
74 23 6
76 7 6
76 14 6
76 16 6
76 23 6
76 28 6
76 29 6
77 2 6
77 11 6
77 17 6
77 18 6
77 29 6
78 8 6
78 10 6
78 15 6
78 20 6
79 3 6
80 2 6
80 7 6
80 12 6
80 17 6
80 19 6
80 23 6
81 12 6
81 16 6
81 19 6
81 29 6
82 6 6
82 7 6
82 9 6
83 1 6
83 7 6
83 28 6
84 5 6
84 11 6
85 10 6
85 14 6
85 15 6
86 1 6
86 20 6
86 23 6
87 9 6
87 11 6
87 15 6
87 23 6
0 45 8
0 52 8
1 17 8
3 6 8
3 18 8
3 20 8
4 10 8
4 25 8
4 34 8
4 55 8
5 4 8
5 11 8
5 21 8
5 46 8
6 0 8
6 10 8
6 25 8
6 34 8
7 14 8
7 35 8
7 42 8
9 7 8
10 4 8
10 13 8
10 18 8
10 29 8
10 41 8
10 43 8
10 48 8
11 36 8
12 16 8
12 31 8
12 32 8
12 41 8
12 43 8
12 44 8
13 5 8
13 44 8
14 11 8
14 12 8
14 16 8
14 34 8
15 7 8
15 16 8
15 22 8
15 44 8
16 12 8
16 36 8
17 31 8
17 36 8
17 37 8
17 41 8
17 50 8
17 59 8
17 61 8
18 12 8
18 17 8
18 28 8
18 36 8
18 40 8
18 41 8
19 9 8
19 14 8
19 19 8
19 21 8
19 25 8
19 27 8
19 35 8
19 38 8
19 42 8
19 44 8
20 0 8
21 10 8
21 21 8
21 37 8
21 39 8
21 46 8
21 51 8
21 57 8
21 59 8
21 61 8
22 4 8
22 9 8
22 20 8
22 38 8
22 51 8
23 21 8
24 84 8
25 27 8
25 36 8
25 50 8
26 6 8
26 45 8
27 5 8
27 6 8
27 16 8
27 46 8
27 56 8
27 57 8
27 63 8
28 6 8
28 11 8
28 17 8
28 19 8
28 24 8
28 28 8
28 30 8
28 33 8
28 41 8
28 65 8
28 67 8
28 69 8
28 72 8
29 1 8
29 16 8
29 31 8
29 37 8
29 44 8
29 47 8
29 58 8
29 64 8
29 67 8
29 73 8
29 75 8
29 78 8
30 49 8
30 53 8
32 5 8
32 18 8
32 20 8
32 44 8
32 45 8
33 0 8
33 2 8
33 4 8
33 7 8
33 9 8
33 11 8
33 22 8
33 26 8
33 47 8
34 2 8
36 2 8
36 8 8
36 13 8
38 1 8
38 9 8
38 23 8
38 36 8
38 45 8
39 14 8
39 22 8
39 26 8
39 27 8
39 38 8
39 41 8
40 1 8
40 39 8
41 36 8
42 0 8
42 8 8
42 13 8
42 15 8
42 16 8
42 21 8
42 36 8
43 1 8
43 7 8
43 18 8
44 8 8
45 1 8
45 12 8
45 37 8
46 11 8
46 41 8
47 1 8
47 3 8
47 5 8
47 8 8
47 22 8
47 35 8
47 37 8
47 39 8
47 45 8
48 40 8
48 46 8
49 16 8
49 23 8
50 35 8
50 38 8
51 0 8
51 12 8
51 19 8
51 23 8
52 1 8
52 6 8
52 9 8
52 24 8
53 1 8
53 3 8
53 10 8
53 22 8
53 28 8
53 31 8
53 35 8
53 42 8
54 11 8
54 12 8
54 29 8
54 32 8
54 44 8
55 11 8
55 31 8
55 36 8
56 15 8
56 19 8
56 46 8
57 11 8
57 24 8
58 11 8
58 45 8
59 24 8
59 38 8
60 8 8
60 12 8
61 1 8
61 5 8
61 6 8
61 9 8
61 17 8
61 21 8
62 4 8
62 22 8
63 0 8
63 3 8
63 9 8
63 13 8
63 17 8
63 25 8
64 3 8
64 9 8
64 13 8
65 4 8
65 11 8
65 14 8
65 22 8
65 26 8
66 4 8
66 9 8
66 12 8
67 2 8
67 19 8
67 22 8
68 3 8
68 18 8
69 1 8
69 8 8
69 18 8
69 21 8
69 26 8
70 28 8
71 15 8
72 15 8
72 28 8
73 17 8
73 24 8
73 25 8
73 28 8
74 0 8
74 1 8
74 2 8
74 16 8
74 18 8
74 22 8
74 26 8
75 12 8
76 5 8
76 6 8
76 8 8
76 12 8
76 26 8
77 1 8
77 10 8
77 11 8
77 15 8
77 24 8
78 3 8
78 11 8
78 13 8
78 16 8
79 7 8
79 8 8
79 20 8
80 25 8
81 21 8
82 1 8
82 5 8
82 6 8
82 7 8
82 15 8
82 18 8
82 19 8
83 13 8
83 17 8
84 1 8
85 0 8
87 0 8
87 13 8
87 22 8
87 23 8
87 24 8
0 3 10
0 6 10
1 10 10
1 17 10
2 11 10
3 5 10
3 17 10
4 0 10
4 2 10
4 23 10
4 26 10
4 35 10
5 7 10
5 11 10
5 43 10
5 48 10
5 56 10
6 13 10
6 38 10
6 48 10
7 14 10
8 36 10
8 38 10
10 5 10
10 19 10
10 25 10
10 32 10
10 33 10
11 36 10
11 44 10
12 13 10
12 22 10
12 40 10
13 35 10
13 44 10
14 0 10
14 7 10
14 14 10
14 16 10
14 20 10
14 31 10
14 48 10
15 29 10
16 3 10
16 5 10
16 33 10
16 47 10
17 4 10
17 8 10
17 41 10
17 55 10
17 56 10
18 29 10
18 55 10
18 57 10
19 0 10
19 4 10
19 7 10
19 13 10
19 21 10
19 27 10
19 35 10
19 44 10
19 45 10
20 7 10
20 18 10
20 30 10
20 41 10
21 7 10
21 10 10
21 15 10
21 27 10
21 43 10
21 48 10
21 49 10
21 53 10
21 59 10
21 60 10
21 61 10
22 12 10
22 20 10
22 31 10
23 17 10
23 21 10
23 32 10
23 40 10
23 43 10
24 10 10
24 30 10
25 8 10
25 16 10
25 22 10
25 46 10
25 57 10
26 6 10
27 5 10
27 6 10
27 8 10
27 16 10
27 33 10
27 48 10
27 52 10
27 57 10
27 63 10
28 9 10
28 25 10
28 27 10
28 33 10
28 50 10
28 57 10
28 61 10
28 72 10
29 1 10
29 16 10
29 20 10
29 25 10
29 28 10
29 30 10
29 37 10
29 44 10
29 48 10
29 49 10
29 55 10
29 65 10
29 68 10
29 75 10
29 76 10
29 79 10
30 37 10
30 53 10
31 20 10
31 59 10
32 0 10
32 10 10
32 25 10
32 28 10
33 17 10
33 24 10
34 16 10
34 26 10
34 45 10
36 17 10
36 33 10
37 12 10
37 36 10
37 42 10
38 2 10
38 13 10
39 3 10
39 4 10
39 14 10
39 24 10
39 27 10
39 38 10
40 4 10
40 39 10
42 0 10
42 3 10
42 8 10
42 10 10
43 15 10
43 19 10
43 25 10
43 45 10
44 8 10
44 15 10
44 46 10
45 3 10
45 11 10
45 24 10
45 31 10
45 32 10
45 37 10
45 42 10
46 11 10
46 35 10
46 41 10
47 0 10
47 4 10
47 8 10
47 23 10
47 24 10
47 32 10
47 45 10
48 2 10
48 14 10
48 25 10
48 32 10
49 32 10
49 42 10
49 45 10
51 40 10
52 6 10
52 25 10
52 32 10
53 1 10
53 3 10
53 6 10
53 31 10
54 13 10
54 22 10
54 27 10
54 31 10
55 31 10
55 44 10
56 6 10
56 8 10
56 25 10
56 28 10
56 32 10
56 36 10
56 41 10
57 3 10
57 11 10
57 18 10
57 35 10
58 2 10
60 9 10
60 10 10
60 15 10
60 21 10
61 5 10
61 9 10
61 11 10
61 16 10
61 29 10
62 4 10
62 7 10
62 22 10
63 12 10
63 21 10
64 0 10
64 1 10
64 2 10
64 3 10
64 5 10
64 11 10
64 13 10
64 14 10
64 27 10
65 9 10
67 22 10
67 26 10
68 2 10
68 12 10
69 8 10
69 24 10
69 26 10
69 28 10
69 29 10
70 2 10
70 19 10
71 16 10
72 1 10
72 5 10
72 6 10
72 18 10
73 1 10
73 25 10
74 15 10
75 9 10
75 28 10
76 2 10
76 13 10
76 14 10
76 18 10
76 19 10
76 25 10
77 1 10
77 6 10
77 14 10
77 22 10
77 29 10
78 16 10
78 23 10
79 1 10
79 2 10
79 10 10
79 14 10
79 28 10
80 2 10
80 12 10
81 14 10
81 18 10
81 21 10
81 24 10
82 5 10
82 8 10
82 22 10
83 5 10
83 19 10
83 21 10
83 27 10
83 28 10
84 11 10
84 16 10
84 29 10
85 2 10
85 10 10
85 22 10
85 23 10
86 15 10
87 2 10
87 15 10
87 19 10
87 22 10
0 7 12
2 14 12
2 23 12
3 34 12
4 1 12
4 3 12
4 13 12
4 22 12
4 35 12
4 38 12
4 46 12
4 49 12
5 16 12
5 21 12
5 34 12
5 37 12
5 42 12
5 43 12
5 52 12
5 57 12
6 11 12
7 35 12
7 48 12
9 24 12
9 46 12
10 4 12
10 7 12
10 12 12
10 22 12
10 33 12
10 41 12
12 23 12
12 27 12
12 29 12
14 2 12
14 4 12
14 34 12
14 48 12
15 43 12
15 44 12
16 12 12
17 1 12
17 6 12
17 22 12
17 43 12
17 44 12
17 56 12
17 64 12
18 34 12
18 37 12
19 26 12
19 28 12
19 29 12
19 35 12
19 44 12
19 45 12
20 7 12
20 30 12
20 31 12
20 37 12
20 40 12
21 9 12
21 16 12
21 22 12
21 32 12
21 46 12
21 48 12
21 49 12
21 53 12
22 6 12
22 15 12
22 28 12
22 35 12
23 19 12
23 37 12
24 30 12
24 34 12
24 71 12
25 11 12
25 25 12
25 26 12
25 55 12
27 19 12
27 20 12
27 21 12
27 26 12
27 30 12
27 33 12
27 38 12
27 40 12
27 52 12
27 60 12
27 61 12
28 10 12
28 12 12
28 17 12
28 40 12
28 45 12
28 55 12
28 62 12
29 25 12
29 26 12
29 30 12
29 47 12
29 64 12
29 72 12
29 76 12
29 78 12
30 54 12
30 59 12
31 25 12
31 30 12
31 31 12
31 33 12
32 0 12
32 12 12
32 17 12
32 20 12
32 25 12
32 28 12
32 41 12
33 8 12
33 26 12
33 47 12
34 3 12
34 12 12
34 13 12
34 20 12
34 38 12
35 16 12
35 26 12
36 17 12
36 26 12
37 46 12
38 19 12
39 22 12
40 12 12
40 33 12
41 19 12
42 10 12
42 16 12
42 38 12
42 39 12
42 47 12
43 2 12
43 19 12
43 32 12
43 37 12
44 0 12
44 32 12
45 8 12
45 16 12
45 25 12
46 15 12
46 39 12
46 46 12
47 7 12
47 12 12
47 18 12
47 44 12
48 9 12
48 22 12
48 26 12
49 11 12
49 14 12
50 19 12
50 35 12
50 38 12
52 25 12
52 27 12
52 32 12
53 14 12
53 29 12
53 45 12
54 1 12
54 3 12
54 27 12
54 35 12
54 36 12
55 11 12
55 16 12
55 43 12
56 8 12
56 39 12
57 2 12
57 23 12
57 29 12
58 18 12
58 31 12
58 33 12
59 6 12
60 3 12
60 8 12
61 2 12
61 4 12
61 8 12
61 14 12
61 15 12
61 19 12
61 23 12
61 25 12
62 13 12
62 24 12
62 27 12
63 5 12
63 18 12
63 20 12
64 21 12
64 24 12
65 5 12
65 12 12
65 19 12
65 26 12
66 15 12
66 16 12
67 28 12
68 18 12
68 29 12
69 0 12
69 17 12
69 23 12
69 29 12
70 0 12
70 3 12
70 11 12
70 13 12
70 18 12
70 19 12
70 23 12
71 3 12
71 16 12
72 2 12
72 4 12
72 9 12
72 10 12
72 13 12
72 15 12
72 17 12
72 18 12
72 29 12
73 0 12
73 1 12
73 9 12
73 10 12
74 3 12
74 15 12
75 29 12
76 7 12
76 9 12
76 14 12
76 17 12
76 23 12
77 2 12
77 3 12
77 5 12
77 8 12
77 10 12
77 17 12
77 18 12
77 20 12
77 25 12
78 5 12
78 19 12
78 20 12
78 23 12
79 4 12
79 20 12
80 10 12
80 12 12
80 14 12
80 20 12
80 21 12
80 25 12
81 1 12
81 2 12
81 9 12
81 12 12
81 22 12
81 24 12
82 29 12
83 28 12
84 4 12
84 24 12
85 23 12
86 10 12
87 8 12
87 25 12
0 29 14
0 33 14
0 40 14
0 52 14
1 3 14
1 10 14
3 11 14
3 56 14
4 5 14
4 6 14
4 25 14
4 34 14
4 38 14
4 57 14
4 58 14
5 0 14
5 15 14
5 16 14
5 52 14
6 16 14
7 29 14
7 38 14
7 41 14
9 16 14
9 22 14
10 18 14
10 27 14
10 36 14
10 42 14
11 9 14
11 16 14
11 44 14
12 33 14
13 44 14
14 35 14
14 44 14
16 39 14
17 7 14
17 8 14
17 11 14
17 22 14
17 31 14
17 37 14
18 43 14
18 55 14
19 42 14
20 0 14
20 30 14
20 31 14
20 39 14
20 40 14
21 10 14
21 39 14
21 49 14
21 52 14
21 61 14
22 12 14
22 30 14
22 31 14
22 32 14
22 35 14
23 16 14
23 17 14
23 32 14
23 35 14
23 44 14
24 28 14
24 34 14
24 68 14
24 72 14
24 74 14
25 15 14
25 16 14
25 30 14
25 36 14
25 42 14
25 50 14
25 52 14
25 60 14
26 16 14
26 39 14
27 1 14
27 10 14
27 16 14
27 17 14
27 24 14
27 30 14
27 33 14
27 39 14
27 43 14
27 45 14
27 47 14
27 53 14
27 54 14
27 62 14
27 63 14
28 7 14
28 8 14
28 20 14
28 30 14
28 32 14
28 33 14
28 41 14
28 45 14
28 49 14
28 57 14
28 64 14
29 48 14
29 68 14
29 71 14
29 79 14
30 37 14
31 16 14
31 35 14
32 12 14
32 16 14
32 18 14
32 41 14
33 16 14
34 32 14
34 35 14
35 13 14
36 3 14
36 33 14
36 34 14
37 4 14
37 46 14
38 30 14
39 4 14
39 12 14
39 14 14
39 24 14
40 37 14
41 0 14
42 13 14
42 15 14
43 16 14
43 21 14
43 23 14
43 31 14
43 34 14
43 42 14
44 12 14
45 2 14
45 5 14
45 42 14
46 0 14
46 20 14
46 24 14
46 32 14
46 38 14
47 7 14
47 16 14
47 29 14
48 1 14
48 11 14
48 13 14
49 16 14
49 24 14
49 36 14
49 45 14
50 2 14
50 3 14
50 10 14
50 27 14
50 33 14
52 24 14
52 38 14
52 45 14
53 14 14
53 32 14
54 0 14
54 1 14
54 29 14
56 8 14
56 19 14
56 38 14
57 38 14
58 17 14
58 18 14
58 22 14
58 33 14
58 38 14
59 6 14
59 27 14
60 1 14
60 10 14
60 11 14
60 20 14
61 0 14
61 5 14
61 6 14
61 8 14
61 15 14
61 16 14
61 17 14
61 21 14
62 0 14
62 2 14
62 14 14
63 19 14
64 3 14
64 5 14
64 7 14
64 22 14
65 5 14
65 22 14
66 10 14
66 13 14
66 18 14
66 28 14
67 11 14
67 14 14
67 17 14
68 9 14
68 13 14
68 24 14
69 5 14
69 14 14
69 18 14
69 26 14
70 11 14
70 13 14
70 17 14
70 19 14
71 21 14
71 22 14
71 23 14
71 28 14
72 4 14
72 14 14
72 15 14
72 21 14
72 24 14
73 6 14
74 7 14
74 9 14
74 11 14
75 10 14
75 17 14
76 9 14
76 15 14
76 17 14
77 5 14
77 18 14
78 10 14
78 28 14
78 29 14
79 14 14
80 18 14
80 19 14
81 6 14
81 18 14
81 27 14
83 1 14
83 11 14
84 3 14
84 7 14
84 19 14
85 13 14
85 21 14
87 9 14
87 14 14
87 15 14
87 26 14
87 29 14
0 8 16
0 12 16
0 21 16
2 11 16
2 26 16
3 11 16
3 16 16
3 21 16
3 38 16
3 42 16
3 48 16
4 6 16
4 46 16
4 49 16
4 57 16
5 46 16
6 6 16
6 26 16
8 7 16
8 41 16
9 48 16
10 22 16
10 23 16
10 41 16
11 7 16
11 16 16
11 20 16
12 15 16
12 27 16
12 29 16
12 44 16
13 7 16
14 0 16
14 13 16
14 14 16
14 16 16
15 43 16
16 5 16
16 33 16
17 17 16
17 23 16
17 32 16
17 37 16
17 51 16
17 62 16
18 16 16
18 30 16
18 34 16
19 16 16
19 38 16
20 14 16
20 18 16
20 27 16
20 28 16
20 30 16
20 31 16
20 32 16
20 34 16
20 37 16
20 38 16
20 48 16
21 7 16
21 8 16
21 17 16
21 24 16
21 41 16
21 46 16
21 53 16
21 59 16
22 6 16
22 9 16
22 21 16
22 32 16
22 41 16
23 32 16
23 36 16
24 15 16
24 18 16
24 29 16
24 36 16
24 67 16
24 68 16
24 71 16
24 72 16
24 75 16
24 76 16
25 26 16
25 36 16
25 37 16
25 44 16
25 45 16
25 59 16
26 28 16
26 29 16
26 33 16
26 39 16
27 7 16
27 10 16
27 18 16
27 20 16
27 30 16
27 31 16
27 39 16
27 43 16
27 47 16
27 48 16
27 51 16
27 55 16
27 56 16
27 57 16
27 62 16
27 63 16
28 12 16
28 36 16
28 43 16
28 50 16
28 53 16
28 62 16
28 64 16
28 73 16
29 35 16
29 65 16
29 72 16
30 42 16
31 35 16
31 55 16
32 16 16
32 17 16
33 1 16
33 4 16
33 8 16
33 22 16
33 39 16
33 42 16
34 2 16
34 4 16
34 6 16
34 20 16
34 28 16
35 13 16
36 34 16
37 9 16
37 13 16
37 19 16
37 26 16
37 27 16
38 12 16
39 2 16
39 9 16
40 15 16
40 38 16
40 40 16
41 12 16
41 38 16
42 0 16
42 3 16
42 16 16
42 25 16
42 31 16
43 5 16
43 16 16
43 36 16
46 27 16
46 42 16
46 46 16
47 4 16
47 27 16
48 8 16
48 44 16
48 46 16
49 13 16
49 16 16
50 27 16
50 37 16
53 15 16
53 16 16
53 37 16
53 45 16
56 5 16
56 8 16
56 11 16
56 29 16
56 46 16
57 16 16
57 18 16
58 17 16
58 38 16
60 0 16
60 11 16
61 0 16
61 11 16
61 13 16
62 9 16
63 20 16
64 0 16
64 12 16
64 13 16
64 22 16
64 25 16
65 4 16
65 22 16
65 25 16
66 0 16
66 6 16
66 16 16
67 13 16
67 18 16
67 27 16
68 9 16
68 15 16
68 22 16
69 1 16
69 7 16
69 24 16
70 1 16
70 17 16
70 19 16
70 27 16
71 16 16
71 25 16
72 2 16
72 5 16
72 14 16
72 17 16
72 19 16
73 1 16
73 6 16
73 20 16
73 26 16
74 10 16
74 11 16
75 10 16
75 17 16
75 28 16
76 3 16
76 6 16
76 10 16
76 19 16
76 28 16
76 29 16
77 0 16
77 6 16
77 11 16
77 14 16
77 20 16
77 22 16
77 28 16
78 1 16
78 9 16
78 20 16
79 4 16
79 7 16
79 17 16
79 18 16
79 19 16
79 25 16
79 29 16
80 9 16
80 17 16
80 29 16
81 2 16
81 4 16
82 8 16
82 23 16
83 8 16
83 11 16
83 14 16
83 16 16
83 25 16
84 6 16
84 11 16
84 12 16
84 14 16
85 8 16
85 11 16
85 12 16
85 15 16
85 20 16
86 29 16
87 3 16
87 16 16
87 29 16
0 4 18
0 21 18
0 28 18
0 32 18
0 33 18
0 34 18
0 37 18
0 38 18
0 41 18
1 5 18
2 23 18
3 5 18
3 20 18
3 42 18
4 6 18
4 16 18
4 38 18
4 57 18
5 6 18
5 10 18
5 13 18
5 24 18
5 33 18
5 48 18
6 13 18
6 16 18
6 28 18
6 34 18
7 5 18
7 6 18
7 7 18
8 21 18
9 16 18
9 25 18
9 26 18
10 7 18
10 9 18
10 41 18
10 44 18
10 45 18
11 11 18
11 18 18
11 20 18
11 44 18
12 15 18
12 31 18
12 35 18
14 2 18
14 18 18
14 24 18
14 31 18
14 40 18
14 42 18
14 43 18
14 44 18
16 39 18
17 13 18
17 32 18
17 36 18
17 37 18
17 54 18
17 64 18
18 8 18
18 17 18
18 29 18
18 30 18
18 56 18
19 8 18
19 16 18
19 26 18
19 45 18
20 0 18
20 38 18
20 39 18
21 7 18
21 10 18
21 19 18
21 31 18
21 41 18
21 43 18
21 49 18
21 51 18
21 52 18
21 62 18
22 9 18
22 29 18
23 20 18
23 34 18
23 35 18
23 38 18
23 41 18
23 44 18
24 13 18
24 15 18
24 16 18
24 29 18
24 50 18
24 61 18
24 64 18
24 70 18
24 75 18
25 36 18
25 48 18
25 55 18
25 62 18
26 19 18
26 25 18
26 35 18
26 39 18
26 45 18
27 6 18
27 17 18
27 19 18
27 25 18
27 26 18
27 29 18
27 31 18
27 35 18
27 44 18
27 46 18
27 51 18
27 53 18
27 56 18
27 62 18
28 6 18
28 20 18
28 37 18
28 40 18
28 47 18
28 48 18
28 57 18
28 58 18
28 59 18
28 61 18
28 66 18
29 35 18
29 71 18
30 41 18
31 55 18
33 4 18
33 17 18
33 39 18
34 4 18
34 15 18
34 24 18
34 45 18
36 21 18
36 26 18
37 1 18
37 13 18
37 27 18
37 28 18
37 38 18
38 19 18
38 33 18
39 6 18
39 11 18
39 17 18
39 22 18
39 28 18
40 4 18
40 15 18
41 4 18
41 13 18
41 17 18
41 36 18
41 40 18
42 3 18
42 16 18
42 32 18
42 34 18
42 38 18
43 14 18
43 18 18
43 23 18
43 26 18
43 45 18
44 21 18
45 8 18
45 11 18
45 20 18
46 1 18
46 12 18
46 31 18
46 37 18
47 11 18
47 38 18
47 43 18
48 16 18
48 29 18
48 30 18
48 31 18
49 23 18
49 39 18
50 0 18
50 2 18
50 3 18
50 11 18
50 12 18
50 16 18
50 33 18
50 35 18
50 37 18
50 40 18
50 45 18
51 31 18
52 0 18
52 1 18
52 11 18
52 15 18
52 27 18
53 13 18
53 19 18
53 24 18
53 31 18
54 18 18
54 36 18
56 5 18
56 19 18
56 26 18
56 32 18
56 40 18
56 42 18
56 46 18
57 2 18
57 4 18
57 10 18
58 23 18
60 13 18
60 21 18
61 8 18
61 16 18
62 0 18
62 10 18
63 5 18
63 16 18
64 6 18
64 13 18
64 15 18
64 28 18
65 6 18
65 12 18
65 15 18
65 20 18
65 24 18
66 5 18
66 9 18
66 13 18
66 15 18
67 6 18
67 11 18
67 12 18
67 24 18
68 22 18
69 0 18
69 20 18
70 7 18
70 15 18
70 23 18
70 27 18
71 5 18
72 15 18
73 3 18
73 14 18
74 18 18
75 4 18
75 14 18
76 2 18
76 14 18
76 24 18
77 9 18
77 12 18
77 17 18
77 18 18
78 11 18
78 14 18
78 15 18
78 28 18
78 29 18
79 0 18
79 2 18
79 11 18
79 20 18
79 28 18
80 7 18
80 10 18
80 19 18
80 29 18
82 5 18
82 12 18
82 14 18
83 1 18
83 12 18
84 17 18
85 5 18
86 5 18
86 9 18
86 29 18
87 2 18
87 3 18
87 4 18
0 27 20
0 54 20
0 57 20
1 2 20
1 7 20
1 14 20
2 35 20
3 30 20
3 56 20
4 38 20
4 41 20
4 44 20
5 15 20
5 56 20
7 5 20
8 16 20
9 29 20
9 41 20
9 43 20
10 11 20
10 16 20
10 29 20
10 33 20
10 42 20
11 29 20
12 16 20
12 19 20
13 22 20
14 24 20
14 44 20
16 22 20
17 8 20
17 13 20
17 17 20
17 50 20
17 54 20
17 62 20
17 64 20
19 1 20
19 3 20
19 4 20
19 6 20
19 9 20
19 19 20
19 21 20
19 23 20
19 30 20
19 38 20
19 43 20
20 4 20
20 7 20
20 9 20
20 22 20
20 23 20
20 24 20
20 29 20
20 33 20
20 35 20
20 45 20
21 17 20
22 28 20
23 3 20
23 4 20
23 5 20
23 7 20
23 13 20
23 15 20
23 22 20
23 36 20
23 39 20
23 43 20
24 27 20
24 35 20
24 52 20
24 61 20
24 64 20
24 74 20
24 84 20
25 3 20
25 12 20
25 36 20
25 56 20
26 12 20
26 30 20
26 31 20
26 35 20
27 6 20
27 26 20
27 31 20
27 35 20
27 47 20
27 55 20
27 57 20
28 16 20
28 30 20
28 32 20
28 47 20
28 60 20
29 65 20
30 10 20
30 30 20
30 41 20
30 56 20
32 0 20
32 28 20
32 29 20
32 32 20
32 37 20
33 21 20
34 4 20
34 24 20
34 37 20
34 38 20
35 34 20
35 39 20
36 6 20
36 24 20
36 36 20
37 32 20
38 2 20
38 39 20
39 22 20
39 39 20
40 11 20
41 4 20
41 6 20
41 13 20
42 3 20
42 31 20
42 34 20
43 16 20
43 18 20
44 33 20
45 23 20
45 25 20
45 42 20
46 25 20
46 31 20
47 1 20
47 23 20
47 28 20
47 33 20
47 36 20
47 42 20
48 0 20
48 1 20
48 10 20
48 11 20
48 16 20
48 25 20
48 33 20
48 38 20
49 11 20
49 14 20
49 16 20
49 21 20
49 26 20
50 12 20
52 2 20
52 15 20
52 19 20
52 27 20
52 45 20
53 39 20
53 46 20
54 3 20
54 11 20
54 23 20
54 40 20
55 16 20
56 3 20
56 4 20
56 7 20
56 12 20
56 19 20
56 32 20
56 43 20
56 44 20
58 22 20
59 27 20
59 40 20
60 13 20
60 16 20
61 0 20
61 10 20
61 11 20
62 2 20
62 13 20
62 17 20
63 6 20
63 14 20
64 18 20
64 20 20
65 11 20
65 14 20
65 18 20
65 19 20
65 26 20
66 1 20
66 6 20
67 3 20
67 18 20
67 20 20
67 23 20
69 2 20
69 3 20
69 8 20
69 14 20
70 1 20
70 19 20
70 23 20
71 13 20
71 18 20
72 7 20
72 26 20
73 16 20
73 26 20
74 5 20
74 25 20
74 26 20
75 1 20
75 12 20
76 4 20
76 15 20
77 6 20
77 7 20
77 8 20
77 14 20
77 18 20
78 4 20
78 5 20
78 10 20
78 22 20
79 10 20
79 19 20
79 27 20
80 10 20
80 13 20
80 18 20
80 23 20
81 8 20
81 18 20
81 21 20
82 14 20
82 22 20
83 23 20
83 29 20
84 15 20
85 11 20
85 21 20
85 28 20
86 14 20
86 20 20
87 15 20
87 22 20
0 26 22
0 32 22
0 40 22
0 46 22
1 2 22
1 10 22
1 14 22
3 1 22
3 15 22
3 25 22
4 6 22
4 25 22
4 38 22
5 16 22
5 28 22
5 32 22
5 45 22
5 57 22
6 17 22
6 42 22
7 7 22
7 43 22
8 29 22
9 41 22
10 27 22
10 33 22
10 34 22
10 39 22
10 44 22
11 11 22
11 32 22
11 41 22
12 44 22
14 5 22
14 7 22
14 12 22
14 29 22
14 32 22
14 42 22
15 22 22
17 8 22
17 16 22
17 19 22
17 36 22
17 51 22
17 63 22
18 8 22
18 14 22
18 31 22
18 33 22
18 56 22
19 7 22
19 26 22
19 27 22
19 34 22
19 36 22
20 4 22
21 62 22
22 22 22
23 9 22
23 10 22
23 13 22
23 17 22
23 19 22
23 20 22
23 21 22
23 28 22
23 31 22
23 36 22
23 38 22
23 42 22
23 46 22
24 74 22
24 83 22
26 12 22
26 25 22
26 29 22
26 31 22
26 34 22
26 35 22
26 37 22
27 1 22
27 7 22
27 12 22
27 24 22
27 31 22
27 34 22
27 39 22
27 40 22
27 44 22
27 56 22
27 60 22
27 61 22
28 46 22
28 48 22
28 53 22
29 17 22
29 39 22
29 67 22
32 43 22
33 0 22
33 34 22
34 3 22
34 4 22
34 12 22
34 26 22
34 35 22
34 45 22
35 6 22
35 36 22
36 1 22
37 1 22
37 9 22
37 39 22
38 34 22
38 39 22
39 21 22
41 6 22
41 17 22
41 26 22
41 36 22
42 1 22
42 13 22
43 0 22
43 1 22
43 3 22
43 12 22
43 14 22
43 19 22
43 23 22
43 31 22
43 38 22
44 6 22
44 24 22
44 35 22
45 0 22
45 5 22
45 26 22
45 33 22
45 35 22
46 38 22
47 0 22
47 8 22
47 27 22
47 28 22
47 33 22
47 38 22
48 4 22
48 20 22
49 23 22
49 29 22
49 33 22
50 12 22
50 13 22
50 15 22
50 25 22
50 32 22
50 38 22
50 39 22
50 40 22
52 5 22
52 8 22
52 45 22
53 38 22
53 46 22
54 3 22
54 11 22
54 18 22
55 29 22
56 9 22
56 16 22
56 31 22
56 36 22
56 44 22
56 45 22
60 20 22
61 11 22
61 13 22
61 15 22
61 22 22
61 25 22
61 28 22
62 5 22
63 1 22
63 6 22
63 8 22
63 9 22
63 12 22
63 13 22
63 17 22
63 18 22
63 21 22
63 26 22
63 28 22
63 29 22
64 6 22
64 10 22
64 21 22
65 12 22
65 13 22
65 16 22
65 20 22
66 0 22
66 13 22
67 2 22
67 6 22
67 14 22
67 16 22
69 8 22
69 11 22
69 26 22
70 18 22
71 0 22
71 2 22
71 5 22
72 10 22
72 13 22
73 12 22
74 1 22
74 12 22
75 2 22
75 16 22
75 17 22
75 21 22
75 24 22
76 6 22
76 17 22
76 25 22
76 28 22
77 6 22
77 16 22
77 19 22
77 24 22
78 11 22
78 15 22
78 16 22
78 19 22
79 18 22
79 19 22
79 20 22
79 23 22
81 7 22
81 10 22
81 12 22
81 21 22
81 29 22
82 10 22
82 16 22
82 23 22
83 12 22
83 19 22
84 11 22
84 12 22
84 23 22
85 2 22
85 8 22
85 12 22
85 19 22
86 1 22
86 5 22
86 29 22
87 22 22
0 10 24
0 28 24
0 56 24
1 17 24
2 0 24
2 20 24
2 34 24
2 37 24
3 13 24
3 40 24
4 23 24
4 42 24
4 57 24
5 34 24
5 54 24
7 10 24
7 43 24
8 7 24
8 29 24
9 9 24
9 23 24
9 24 24
10 7 24
10 41 24
10 44 24
10 47 24
11 22 24
11 25 24
11 44 24
12 35 24
12 44 24
13 16 24
14 7 24
14 11 24
14 18 24
14 36 24
16 2 24
17 8 24
17 12 24
17 16 24
18 3 24
18 8 24
18 33 24
18 40 24
18 42 24
18 45 24
18 48 24
19 0 24
19 11 24
19 26 24
19 36 24
19 39 24
20 36 24
21 17 24
21 36 24
21 48 24
21 62 24
22 0 24
22 16 24
22 28 24
22 34 24
22 39 24
23 5 24
23 6 24
23 25 24
23 43 24
23 46 24
24 17 24
24 51 24
24 52 24
24 53 24
24 83 24
25 29 24
25 51 24
26 19 24
26 40 24
27 1 24
27 8 24
27 17 24
27 24 24
27 26 24
27 31 24
27 32 24
27 34 24
27 38 24
27 40 24
27 45 24
27 55 24
27 56 24
28 20 24
28 28 24
28 59 24
28 66 24
29 40 24
29 41 24
29 48 24
29 49 24
29 64 24
29 71 24
30 49 24
32 26 24
32 27 24
32 37 24
33 4 24
34 40 24
36 1 24
36 13 24
36 24 24
36 39 24
37 2 24
37 28 24
39 10 24
39 30 24
39 38 24
40 34 24
41 26 24
41 37 24
44 18 24
44 32 24
45 0 24
45 1 24
45 12 24
45 38 24
45 42 24
46 1 24
46 23 24
47 16 24
47 24 24
48 9 24
48 29 24
48 37 24
49 0 24
49 1 24
49 6 24
49 7 24
49 10 24
49 11 24
49 15 24
49 18 24
49 20 24
49 25 24
49 31 24
49 33 24
49 38 24
49 41 24
50 11 24
50 13 24
50 15 24
50 36 24
52 1 24
53 1 24
53 23 24
54 39 24
55 16 24
55 29 24
56 3 24
56 4 24
56 6 24
57 32 24
60 1 24
60 3 24
60 10 24
60 13 24
61 0 24
61 8 24
61 15 24
61 20 24
61 21 24
61 26 24
62 29 24
63 9 24
63 11 24
63 15 24
63 23 24
63 27 24
64 18 24
64 21 24
64 24 24
65 4 24
65 6 24
65 12 24
66 8 24
67 3 24
67 16 24
67 20 24
69 7 24
69 28 24
70 18 24
70 19 24
71 8 24
71 9 24
73 2 24
74 0 24
74 16 24
74 19 24
74 23 24
75 18 24
75 25 24
76 4 24
76 7 24
76 14 24
76 24 24
77 1 24
77 5 24
77 7 24
77 17 24
77 22 24
77 27 24
78 22 24
79 12 24
79 23 24
80 1 24
80 9 24
80 23 24
80 26 24
81 1 24
81 3 24
81 16 24
81 19 24
82 15 24
83 23 24
83 25 24
84 5 24
84 6 24
84 17 24
85 12 24
85 14 24
86 29 24
87 4 24
87 8 24
87 11 24
0 6 26
0 53 26
2 9 26
2 13 26
3 45 26
4 44 26
5 6 26
5 21 26
5 42 26
5 56 26
7 10 26
7 22 26
8 17 26
8 21 26
8 29 26
10 14 26
10 29 26
11 14 26
11 16 26
11 22 26
12 16 26
13 11 26
13 16 26
13 25 26
13 42 26
13 47 26
13 49 26
14 16 26
14 22 26
15 40 26
16 17 26
17 17 26
17 24 26
17 35 26
17 52 26
17 55 26
17 63 26
18 25 26
18 31 26
18 36 26
18 41 26
18 42 26
18 46 26
18 56 26
19 36 26
19 42 26
21 27 26
21 46 26
21 62 26
22 16 26
22 34 26
23 39 26
23 46 26
24 19 26
24 25 26
24 28 26
24 37 26
24 68 26
25 20 26
25 26 26
25 36 26
25 41 26
26 10 26
26 28 26
26 34 26
26 45 26
26 47 26
27 10 26
27 16 26
27 17 26
27 26 26
27 30 26
27 31 26
27 36 26
27 45 26
27 52 26
28 25 26
28 33 26
28 52 26
29 49 26
29 65 26
29 71 26
30 49 26
30 53 26
30 58 26
32 50 26
33 39 26
34 13 26
34 45 26
35 22 26
35 30 26
35 33 26
35 36 26
36 39 26
37 38 26
38 17 26
39 38 26
40 17 26
41 7 26
41 21 26
41 37 26
42 1 26
42 8 26
42 33 26
43 12 26
43 46 26
44 1 26
45 1 26
45 23 26
45 33 26
46 17 26
48 25 26
48 47 26
49 8 26
49 16 26
49 18 26
49 27 26
50 6 26
50 20 26
50 32 26
50 36 26
52 18 26
53 31 26
54 12 26
54 13 26
54 14 26
54 27 26
56 36 26
56 45 26
56 46 26
57 13 26
57 32 26
60 19 26
62 5 26
62 15 26
62 22 26
62 24 26
63 3 26
64 0 26
64 13 26
65 0 26
65 1 26
65 2 26
65 3 26
65 4 26
65 6 26
65 7 26
65 8 26
65 10 26
65 12 26
65 13 26
65 16 26
65 18 26
65 20 26
65 22 26
65 25 26
65 28 26
66 8 26
66 13 26
66 26 26
67 5 26
67 13 26
70 16 26
71 2 26
71 8 26
72 1 26
72 4 26
72 7 26
72 10 26
72 13 26
72 17 26
72 24 26
73 6 26
74 9 26
74 25 26
75 12 26
75 13 26
75 16 26
76 6 26
76 16 26
77 26 26
78 1 26
78 7 26
78 12 26
78 16 26
79 29 26
80 7 26
81 10 26
81 22 26
81 24 26
81 25 26
82 14 26
82 23 26
84 2 26
84 24 26
86 1 26
86 3 26
86 13 26
86 19 26
