5 20 0
6 0 0
6 54 0
14 22 0
16 42 0
32 0 0
33 14 0
34 3 0
35 0 0
36 10 0
37 8 0
37 14 0
38 44 0
40 3 0
41 10 0
42 7 0
43 5 0
43 21 0
43 33 0
46 19 0
47 4 0
48 26 0
49 1 0
49 3 0
49 12 0
50 27 0
51 5 0
52 1 0
52 14 0
53 5 0
56 38 0
57 27 0
57 45 0
59 17 0
0 22 2
2 27 2
4 32 2
4 52 2
4 55 2
6 17 2
6 56 2
10 14 2
15 12 2
24 0 2
26 0 2
30 0 2
32 0 2
33 0 2
33 44 2
35 46 2
37 12 2
37 14 2
37 19 2
38 3 2
42 12 2
42 16 2
44 34 2
45 1 2
45 26 2
45 37 2
45 40 2
47 9 2
47 33 2
49 1 2
49 26 2
50 25 2
51 45 2
53 47 2
54 25 2
54 38 2
56 14 2
57 45 2
59 9 2
64 17 2
81 10 2
0 48 4
3 54 4
4 40 4
4 41 4
5 52 4
10 16 4
13 14 4
13 44 4
14 14 4
17 32 4
24 0 4
25 55 4
34 5 4
34 11 4
34 13 4
34 14 4
34 17 4
34 19 4
34 20 4
34 23 4
34 24 4
34 38 4
34 41 4
34 44 4
37 17 4
37 27 4
37 41 4
38 15 4
40 17 4
40 32 4
40 38 4
43 32 4
43 33 4
45 7 4
47 42 4
51 38 4
51 45 4
52 5 4
53 39 4
56 13 4
56 44 4
63 19 4
66 13 4
68 0 4
68 3 4
74 25 4
79 11 4
79 26 4
80 1 4
80 29 4
0 20 6
0 38 6
7 6 6
7 31 6
12 35 6
14 14 6
19 42 6
24 0 6
30 0 6
33 17 6
35 3 6
35 44 6
35 46 6
36 11 6
36 22 6
37 19 6
37 24 6
38 9 6
38 26 6
38 28 6
38 32 6
40 31 6
40 39 6
41 14 6
42 21 6
45 15 6
47 32 6
47 45 6
47 46 6
49 16 6
50 26 6
51 22 6
51 38 6
51 40 6
56 33 6
56 46 6
56 47 6
60 5 6
61 2 6
62 21 6
64 19 6
66 13 6
68 3 6
70 2 6
73 23 6
74 25 6
79 7 6
80 16 6
80 18 6
80 28 6
81 7 6
82 14 6
82 21 6
0 8 8
0 37 8
2 19 8
2 29 8
3 40 8
4 19 8
7 31 8
8 3 8
9 26 8
10 35 8
13 10 8
14 2 8
14 22 8
15 37 8
17 11 8
18 29 8
21 19 8
23 39 8
24 34 8
25 62 8
29 11 8
29 20 8
32 56 8
35 24 8
37 8 8
38 46 8
39 6 8
39 32 8
40 25 8
42 3 8
42 6 8
42 10 8
42 25 8
42 47 8
48 0 8
48 26 8
48 32 8
49 37 8
49 38 8
51 40 8
52 16 8
53 11 8
56 1 8
56 5 8
56 7 8
56 14 8
56 26 8
61 4 8
62 10 8
64 22 8
66 5 8
66 15 8
67 9 8
67 20 8
68 16 8
69 5 8
71 3 8
71 20 8
73 3 8
74 28 8
76 0 8
76 10 8
76 28 8
79 0 8
82 14 8
83 2 8
83 24 8
85 1 8
85 22 8
0 11 10
0 20 10
1 14 10
4 49 10
5 41 10
5 52 10
6 12 10
8 40 10
9 8 10
12 10 10
13 14 10
14 9 10
14 32 10
14 37 10
14 45 10
15 36 10
16 49 10
17 37 10
18 17 10
19 1 10
22 0 10
23 29 10
25 9 10
28 20 10
28 43 10
29 39 10
29 60 10
33 3 10
33 7 10
36 11 10
39 6 10
39 28 10
40 17 10
40 19 10
40 28 10
42 17 10
44 42 10
47 12 10
49 3 10
49 38 10
52 16 10
53 47 10
56 16 10
56 34 10
60 5 10
60 25 10
60 28 10
61 17 10
63 16 10
63 20 10
64 18 10
65 25 10
66 5 10
67 3 10
69 5 10
72 21 10
72 25 10
75 5 10
76 15 10
78 14 10
80 19 10
80 23 10
81 17 10
82 24 10
84 1 10
2 28 12
4 42 12
6 35 12
7 47 12
9 38 12
9 42 12
10 35 12
14 8 12
14 26 12
15 47 12
17 65 12
18 0 12
20 10 12
22 11 12
28 20 12
28 32 12
28 41 12
29 46 12
32 11 12
35 3 12
35 36 12
36 40 12
37 24 12
38 18 12
39 41 12
40 22 12
42 25 12
49 42 12
50 18 12
54 11 12
56 13 12
56 14 12
60 25 12
61 1 12
61 24 12
63 19 12
66 4 12
67 9 12
67 27 12
74 28 12
76 20 12
76 29 12
80 0 12
80 17 12
81 20 12
82 6 12
82 13 12
82 20 12
85 14 12
87 3 12
0 11 14
0 20 14
2 23 14
5 41 14
6 18 14
7 5 14
7 10 14
8 48 14
9 26 14
9 38 14
9 43 14
10 44 14
12 16 14
12 42 14
14 31 14
14 41 14
14 47 14
15 36 14
16 27 14
17 65 14
20 10 14
24 71 14
35 17 14
36 8 14
36 47 14
39 31 14
40 33 14
42 7 14
43 32 14
46 3 14
47 1 14
47 24 14
48 3 14
52 11 14
53 22 14
56 11 14
56 14 14
57 10 14
58 11 14
61 1 14
61 27 14
63 16 14
67 4 14
71 18 14
77 23 14
78 1 14
78 14 14
80 10 14
84 25 14
87 5 14
87 20 14
0 22 16
0 35 16
0 54 16
1 10 16
1 14 16
2 28 16
4 33 16
5 2 16
6 14 16
6 23 16
6 32 16
6 33 16
7 10 16
8 38 16
8 48 16
9 26 16
9 47 16
11 10 16
12 13 16
12 16 16
12 39 16
14 43 16
15 47 16
16 27 16
17 24 16
17 54 16
17 64 16
21 32 16
21 62 16
23 33 16
23 44 16
27 64 16
28 24 16
28 67 16
38 45 16
39 17 16
39 26 16
40 18 16
41 0 16
41 1 16
41 4 16
41 5 16
41 13 16
41 34 16
42 7 16
43 19 16
43 39 16
44 7 16
45 35 16
46 18 16
46 25 16
49 14 16
49 36 16
49 39 16
56 22 16
56 26 16
56 45 16
57 10 16
60 1 16
60 2 16
60 21 16
60 28 16
63 2 16
63 10 16
64 19 16
66 9 16
68 23 16
69 26 16
74 20 16
77 17 16
78 28 16
79 15 16
82 10 16
83 13 16
83 23 16
83 27 16
87 5 16
0 20 18
3 8 18
4 32 18
5 52 18
6 23 18
6 24 18
11 46 18
13 40 18
14 48 18
16 48 18
17 0 18
18 50 18
21 18 18
23 11 18
25 40 18
28 30 18
32 8 18
33 33 18
35 37 18
35 41 18
37 3 18
37 26 18
38 2 18
41 5 18
41 28 18
42 17 18
45 25 18
46 11 18
46 26 18
47 42 18
48 21 18
48 32 18
49 14 18
56 43 18
58 22 18
63 6 18
63 10 18
66 6 18
67 18 18
76 17 18
78 3 18
78 18 18
79 14 18
82 6 18
83 21 18
84 7 18
87 21 18
6 9 20
6 20 20
6 51 20
8 29 20
9 5 20
10 10 20
15 5 20
18 0 20
22 11 20
23 29 20
23 32 20
23 42 20
26 11 20
27 0 20
31 0 20
31 37 20
35 38 20
35 40 20
35 47 20
38 46 20
39 23 20
39 24 20
40 36 20
42 7 20
42 42 20
43 14 20
44 5 20
44 38 20
46 0 20
47 38 20
48 32 20
50 39 20
56 8 20
56 37 20
56 46 20
57 16 20
58 9 20
61 25 20
63 8 20
63 20 20
66 15 20
75 17 20
75 24 20
76 2 20
76 10 20
76 14 20
77 19 20
80 19 20
82 13 20
83 0 20
83 27 20
84 2 20
84 19 20
87 21 20
2 7 22
2 18 22
4 32 22
5 0 22
5 17 22
5 52 22
6 11 22
8 31 22
14 16 22
14 39 22
14 44 22
15 5 22
23 32 22
25 11 22
31 37 22
33 8 22
34 5 22
34 8 22
34 44 22
35 12 22
35 32 22
37 6 22
37 8 22
39 34 22
47 1 22
48 9 22
48 31 22
49 16 22
52 22 22
53 22 22
56 13 22
56 23 22
56 25 22
63 0 22
64 0 22
64 8 22
67 25 22
68 29 22
69 21 22
74 14 22
75 3 22
76 1 22
76 10 22
79 1 22
80 19 22
83 4 22
83 25 22
84 1 22
0 23 24
0 35 24
5 6 24
5 33 24
10 38 24
18 29 24
25 62 24
28 61 24
29 67 24
32 56 24
33 8 24
35 43 24
38 27 24
42 38 24
43 24 24
44 19 24
46 5 24
46 27 24
46 33 24
50 25 24
53 15 24
56 17 24
56 46 24
60 15 24
62 13 24
64 0 24
69 2 24
69 9 24
75 14 24
79 1 24
79 14 24
80 5 24
81 23 24
81 26 24
83 4 24
85 0 24
0 10 26
2 34 26
6 47 26
12 5 26
13 17 26
35 21 26
35 41 26
35 47 26
37 34 26
38 0 26
39 6 26
39 36 26
44 29 26
44 32 26
44 38 26
45 12 26
46 2 26
46 8 26
53 22 26
58 8 26
62 11 26
63 6 26
63 18 26
63 20 26
66 29 26
67 15 26
78 0 26
79 23 26
81 3 26
82 3 26
83 20 26
84 26 26
