0 32 0
1 14 0
2 31 0
3 40 0
3 42 0
4 32 0
4 41 0
5 32 0
11 42 0
33 17 0
35 5 0
35 44 0
36 38 0
37 44 0
38 17 0
39 19 0
44 1 0
44 25 0
44 33 0
45 4 0
46 4 0
46 42 0
48 13 0
49 25 0
50 16 0
50 37 0
53 38 0
53 39 0
54 5 0
54 12 0
55 42 0
57 38 0
58 27 0
59 27 0
0 32 2
0 48 2
0 57 2
2 11 2
4 33 2
4 36 2
4 40 2
5 41 2
6 2 2
6 34 2
9 46 2
14 44 2
19 0 2
23 20 2
34 0 2
34 23 2
34 41 2
34 44 2
35 19 2
35 26 2
35 44 2
36 10 2
37 10 2
37 34 2
40 3 2
40 34 2
41 26 2
44 1 2
44 32 2
44 33 2
45 15 2
49 16 2
51 13 2
54 27 2
56 26 2
56 27 2
56 39 2
76 2 2
0 2 4
0 11 4
0 32 4
4 9 4
4 34 4
4 54 4
4 55 4
6 3 4
6 34 4
6 46 4
7 11 4
7 16 4
14 22 4
17 61 4
18 56 4
21 40 4
23 20 4
23 35 4
24 73 4
26 35 4
32 9 4
33 44 4
35 44 4
36 0 4
36 10 4
36 32 4
37 12 4
38 17 4
40 42 4
44 33 4
45 32 4
45 45 4
46 33 4
47 3 4
47 25 4
48 1 4
48 2 4
48 32 4
49 33 4
51 4 4
51 12 4
51 32 4
52 1 4
52 9 4
56 5 4
56 11 4
56 31 4
56 33 4
61 25 4
61 29 4
64 0 4
68 16 4
77 27 4
79 23 4
86 24 4
0 11 6
0 35 6
4 17 6
6 15 6
19 19 6
19 26 6
21 62 6
23 12 6
23 27 6
28 61 6
28 64 6
31 20 6
34 8 6
37 27 6
39 13 6
40 27 6
44 38 6
44 42 6
45 3 6
45 10 6
45 12 6
47 0 6
48 1 6
48 11 6
48 21 6
49 0 6
51 1 6
51 13 6
51 19 6
51 32 6
53 1 6
53 31 6
53 38 6
56 1 6
56 5 6
56 7 6
56 9 6
56 45 6
61 19 6
63 15 6
64 28 6
71 12 6
71 20 6
72 1 6
72 24 6
74 29 6
79 11 6
81 3 6
82 15 6
83 17 6
2 0 8
2 13 8
3 33 8
4 3 8
4 9 8
4 49 8
5 52 8
6 11 8
6 53 8
10 5 8
12 46 8
15 2 8
16 27 8
17 8 8
17 64 8
23 12 8
25 61 8
28 43 8
35 10 8
36 22 8
36 32 8
38 13 8
39 17 8
40 13 8
40 44 8
42 1 8
42 32 8
45 7 8
48 13 8
48 25 8
48 37 8
49 0 8
49 32 8
51 22 8
53 32 8
56 8 8
56 23 8
56 25 8
58 18 8
60 6 8
60 15 8
61 15 8
61 25 8
62 29 8
64 11 8
64 20 8
68 12 8
70 8 8
72 2 8
76 14 8
76 20 8
78 21 8
79 12 8
79 29 8
80 0 8
80 4 8
80 7 8
80 13 8
80 19 8
82 23 8
3 33 10
4 46 10
5 24 10
6 11 10
6 25 10
10 4 10
12 12 10
12 36 10
14 18 10
15 10 10
16 32 10
17 11 10
17 43 10
18 7 10
18 16 10
18 43 10
19 26 10
23 39 10
24 11 10
25 60 10
26 0 10
27 11 10
28 32 10
28 41 10
29 11 10
31 11 10
33 26 10
34 40 10
40 25 10
46 1 10
47 1 10
47 26 10
48 3 10
48 26 10
48 37 10
54 0 10
56 39 10
56 46 10
59 45 10
61 6 10
61 14 10
61 24 10
62 16 10
63 19 10
64 28 10
67 0 10
69 21 10
71 5 10
71 15 10
72 9 10
79 25 10
82 16 10
87 20 10
0 38 12
2 15 12
5 3 12
5 40 12
6 20 12
7 29 12
8 38 12
9 8 12
10 18 12
10 23 12
10 36 12
10 44 12
14 14 12
14 31 12
18 32 12
23 0 12
26 0 12
28 33 12
28 59 12
28 67 12
35 27 12
36 8 12
37 36 12
38 27 12
38 36 12
38 45 12
39 4 12
40 13 12
40 17 12
40 18 12
40 27 12
43 12 12
47 16 12
47 47 12
48 32 12
54 0 12
56 9 12
56 19 12
56 26 12
59 8 12
60 21 12
61 5 12
61 17 12
61 21 12
61 29 12
63 21 12
66 22 12
69 18 12
69 24 12
72 21 12
79 1 12
80 23 12
82 10 12
82 11 12
82 14 12
83 14 12
87 5 12
0 2 14
0 42 14
2 5 14
3 5 14
5 56 14
6 2 14
6 11 14
6 20 14
6 26 14
8 38 14
9 8 14
10 7 14
10 23 14
12 44 14
14 26 14
14 43 14
16 32 14
16 38 14
17 64 14
19 0 14
21 32 14
33 5 14
33 23 14
37 12 14
38 2 14
38 36 14
39 17 14
46 46 14
48 20 14
48 23 14
49 6 14
53 31 14
56 31 14
63 25 14
64 0 14
67 21 14
68 23 14
69 3 14
72 27 14
73 1 14
74 29 14
76 25 14
77 6 14
77 17 14
81 13 14
82 11 14
82 13 14
82 14 14
83 3 14
85 20 14
2 8 16
5 52 16
5 57 16
6 13 16
8 6 16
8 31 16
10 37 16
10 38 16
14 5 16
14 31 16
14 37 16
17 53 16
18 50 16
19 0 16
19 45 16
20 40 16
28 40 16
28 47 16
31 0 16
34 16 16
42 32 16
43 1 16
43 3 16
43 23 16
43 27 16
44 12 16
45 5 16
45 11 16
45 33 16
46 26 16
50 2 16
50 11 16
54 16 16
56 27 16
56 31 16
58 9 16
58 42 16
61 29 16
63 6 16
64 16 16
64 27 16
64 28 16
66 4 16
67 15 16
68 29 16
72 4 16
72 27 16
76 0 16
76 7 16
78 29 16
79 1 16
79 2 16
79 22 16
79 26 16
80 7 16
82 13 16
83 10 16
83 21 16
85 21 16
2 11 18
3 56 18
5 15 18
5 20 18
5 34 18
6 11 18
6 54 18
8 6 18
9 47 18
10 20 18
10 34 18
11 5 18
12 46 18
16 40 18
19 36 18
20 40 18
20 48 18
21 32 18
27 11 18
27 55 18
32 36 18
37 34 18
41 16 18
43 3 18
43 24 18
45 5 18
46 0 18
46 27 18
48 5 18
56 9 18
57 16 18
58 42 18
59 27 18
61 5 18
72 13 18
75 9 18
77 19 18
78 10 18
81 3 18
84 9 18
0 56 20
1 10 20
3 38 20
3 57 20
5 6 20
5 20 20
5 54 20
8 40 20
9 35 20
10 3 20
10 9 20
10 34 20
10 37 20
11 26 20
12 46 20
17 51 20
18 29 20
19 42 20
23 1 20
23 8 20
23 33 20
24 70 20
25 11 20
26 25 20
29 71 20
30 0 20
33 39 20
34 5 20
34 30 20
35 23 20
35 37 20
39 6 20
41 2 20
42 17 20
43 3 20
43 36 20
45 35 20
46 33 20
50 3 20
50 5 20
50 40 20
52 1 20
53 6 20
53 13 20
56 23 20
56 25 20
61 27 20
68 23 20
69 21 20
72 4 20
72 20 20
76 25 20
78 11 20
78 15 20
82 3 20
83 13 20
84 7 20
84 12 20
87 5 20
0 24 22
0 34 22
0 56 22
3 53 22
4 23 22
5 34 22
6 2 22
6 24 22
6 32 22
17 17 22
17 64 22
18 29 22
20 48 22
33 13 22
33 17 22
33 39 22
35 0 22
35 20 22
35 24 22
35 38 22
38 2 22
39 18 22
42 3 22
42 10 22
43 2 22
43 11 22
43 25 22
43 34 22
43 45 22
44 3 22
44 5 22
46 8 22
46 15 22
48 29 22
49 11 22
50 5 22
50 16 22
50 35 22
53 6 22
54 1 22
56 3 22
56 12 22
63 2 22
63 20 22
66 1 22
72 9 22
72 15 22
74 20 22
76 14 22
78 3 22
81 5 22
81 17 22
82 6 22
84 29 22
0 40 24
0 52 24
3 15 24
4 32 24
5 3 24
5 45 24
6 11 24
6 28 24
9 35 24
10 22 24
11 18 24
17 17 24
18 28 24
23 35 24
25 61 24
26 0 24
28 41 24
31 37 24
33 17 24
33 25 24
35 7 24
35 13 24
35 32 24
38 0 24
42 3 24
43 39 24
44 37 24
46 2 24
50 32 24
50 38 24
53 16 24
53 19 24
56 26 24
61 2 24
61 13 24
64 3 24
74 28 24
76 15 24
78 16 24
81 5 24
83 3 24
0 27 26
0 56 26
0 57 26
3 40 26
4 32 26
5 52 26
10 44 26
10 47 26
11 18 26
12 19 26
12 37 26
14 38 26
14 39 26
18 32 26
20 19 26
24 0 26
26 35 26
28 38 26
28 44 26
35 0 26
35 34 26
37 25 26
37 45 26
39 37 26
43 45 26
44 42 26
46 42 26
47 16 26
48 37 26
50 38 26
56 13 26
57 43 26
61 15 26
61 28 26
61 29 26
62 4 26
63 12 26
64 12 26
69 2 26
75 8 26
76 28 26
77 1 26
77 15 26
84 13 26
87 4 26
