0 15 0
0 41 0
1 7 0
1 12 0
2 16 0
3 6 0
3 10 0
3 21 0
3 23 0
3 27 0
3 29 0
3 38 0
3 53 0
4 8 0
4 10 0
4 13 0
4 18 0
4 20 0
4 21 0
4 23 0
4 27 0
4 28 0
4 42 0
5 10 0
5 26 0
5 27 0
5 44 0
5 45 0
5 54 0
6 6 0
6 8 0
6 11 0
6 23 0
6 31 0
6 53 0
7 14 0
7 27 0
7 35 0
7 36 0
7 43 0
7 45 0
7 47 0
7 48 0
8 2 0
8 6 0
8 7 0
8 8 0
8 10 0
8 11 0
8 12 0
8 13 0
8 14 0
8 15 0
8 16 0
8 17 0
8 19 0
8 20 0
8 21 0
8 24 0
8 25 0
8 27 0
8 28 0
8 29 0
8 31 0
8 35 0
8 36 0
8 39 0
8 40 0
8 41 0
8 42 0
8 43 0
8 45 0
8 46 0
8 47 0
8 48 0
9 15 0
9 17 0
9 27 0
9 30 0
9 36 0
9 40 0
9 43 0
10 1 0
10 2 0
10 45 0
11 0 0
11 1 0
11 4 0
11 6 0
11 8 0
11 15 0
11 20 0
11 24 0
11 27 0
11 31 0
11 35 0
11 36 0
11 39 0
11 40 0
11 43 0
11 45 0
12 2 0
12 7 0
12 9 0
12 21 0
12 24 0
12 29 0
12 30 0
12 34 0
12 40 0
12 43 0
12 46 0
12 47 0
12 49 0
14 1 0
14 4 0
14 8 0
14 10 0
14 12 0
14 14 0
14 17 0
14 19 0
14 24 0
14 26 0
14 30 0
14 31 0
14 36 0
14 39 0
14 41 0
14 45 0
14 47 0
15 14 0
15 29 0
15 43 0
15 44 0
15 45 0
15 48 0
16 43 0
17 0 0
17 22 0
17 31 0
17 42 0
17 44 0
17 54 0
18 2 0
18 5 0
18 22 0
18 46 0
18 50 0
19 5 0
19 26 0
19 36 0
19 42 0
20 15 0
20 38 0
21 2 0
21 13 0
21 16 0
21 35 0
21 36 0
21 40 0
21 51 0
21 56 0
22 0 0
22 2 0
22 5 0
22 8 0
22 13 0
22 26 0
22 29 0
22 32 0
22 41 0
23 5 0
23 8 0
23 28 0
23 29 0
23 34 0
23 39 0
24 8 0
24 40 0
24 46 0
24 48 0
24 65 0
24 69 0
24 81 0
24 84 0
25 0 0
25 5 0
25 23 0
25 29 0
25 31 0
25 32 0
25 35 0
25 37 0
25 41 0
25 43 0
25 48 0
25 51 0
26 8 0
26 30 0
26 34 0
26 38 0
27 19 0
27 25 0
27 33 0
27 34 0
27 41 0
27 46 0
27 54 0
27 61 0
28 4 0
28 7 0
28 8 0
28 9 0
28 10 0
28 15 0
28 16 0
28 19 0
28 24 0
28 25 0
28 27 0
28 28 0
28 29 0
28 33 0
28 35 0
28 37 0
28 40 0
28 46 0
28 49 0
28 53 0
28 56 0
28 57 0
28 62 0
28 63 0
28 66 0
28 67 0
28 69 0
29 18 0
29 40 0
29 72 0
30 6 0
30 8 0
30 10 0
30 13 0
30 15 0
30 19 0
30 20 0
30 22 0
30 24 0
30 26 0
30 33 0
30 37 0
30 40 0
30 41 0
30 45 0
30 47 0
30 48 0
30 50 0
30 51 0
30 53 0
30 54 0
30 55 0
30 56 0
30 57 0
30 58 0
30 65 0
31 8 0
31 47 0
31 51 0
31 52 0
31 58 0
32 2 0
32 4 0
32 5 0
32 6 0
32 8 0
32 9 0
32 10 0
32 15 0
32 16 0
32 23 0
32 26 0
32 29 0
32 39 0
32 41 0
32 44 0
32 45 0
32 46 0
32 48 0
32 49 0
32 53 0
32 54 0
32 55 0
33 16 0
33 42 0
34 1 0
34 16 0
34 37 0
34 42 0
35 1 0
35 16 0
36 37 0
37 16 0
37 37 0
38 16 0
38 37 0
39 16 0
40 16 0
40 21 0
40 30 0
41 37 0
42 14 0
43 30 0
44 38 0
45 38 0
46 30 0
47 5 0
47 30 0
48 7 0
48 30 0
49 7 0
49 30 0
50 30 0
52 6 0
53 7 0
53 24 0
56 7 0
56 15 0
56 18 0
58 6 0
58 15 0
58 21 0
58 24 0
58 28 0
58 30 0
58 33 0
58 36 0
58 38 0
59 7 0
59 28 0
59 40 0
59 43 0
60 5 0
60 6 0
60 8 0
60 12 0
60 13 0
60 21 0
60 23 0
60 28 0
61 25 0
62 4 0
65 23 0
67 6 0
67 15 0
67 19 0
68 3 0
68 20 0
68 21 0
68 23 0
72 5 0
72 6 0
72 9 0
72 15 0
72 16 0
72 18 0
72 21 0
72 22 0
72 24 0
72 26 0
72 28 0
73 8 0
73 14 0
73 19 0
73 20 0
74 4 0
74 6 0
74 9 0
74 17 0
74 20 0
74 22 0
74 25 0
75 10 0
75 22 0
76 7 0
76 18 0
76 27 0
77 5 0
77 7 0
79 5 0
79 7 0
79 18 0
79 26 0
79 29 0
82 3 0
82 5 0
82 15 0
82 20 0
82 27 0
83 18 0
83 24 0
83 25 0
83 28 0
84 10 0
84 19 0
87 4 0
87 12 0
87 14 0
87 19 0
87 24 0
87 29 0
0 4 2
0 6 2
0 10 2
0 13 2
0 28 2
0 31 2
0 44 2
0 54 2
0 56 2
1 7 2
3 6 2
4 2 2
4 4 2
4 8 2
4 16 2
4 18 2
4 20 2
4 23 2
4 24 2
4 25 2
4 27 2
4 29 2
4 30 2
4 34 2
4 37 2
4 44 2
4 46 2
4 47 2
4 49 2
4 51 2
5 42 2
6 8 2
6 11 2
6 26 2
6 52 2
7 14 2
7 35 2
7 40 2
7 43 2
7 45 2
7 48 2
8 2 2
8 5 2
8 6 2
8 7 2
8 8 2
8 10 2
8 11 2
8 15 2
8 16 2
8 17 2
8 19 2
8 23 2
8 24 2
8 27 2
8 28 2
8 29 2
8 31 2
8 33 2
8 35 2
8 36 2
8 37 2
8 39 2
8 40 2
8 41 2
8 42 2
8 43 2
8 44 2
8 45 2
8 47 2
8 48 2
8 49 2
9 0 2
9 2 2
9 5 2
9 8 2
9 11 2
9 12 2
9 17 2
9 28 2
9 30 2
9 31 2
9 37 2
9 40 2
9 45 2
9 48 2
10 0 2
10 1 2
10 3 2
10 38 2
11 1 2
11 6 2
11 9 2
11 20 2
11 22 2
11 39 2
11 40 2
11 43 2
11 45 2
11 46 2
11 47 2
12 3 2
12 4 2
12 5 2
12 9 2
12 10 2
12 22 2
12 31 2
12 33 2
12 38 2
12 40 2
13 41 2
13 47 2
14 4 2
14 8 2
14 24 2
14 26 2
14 28 2
14 31 2
14 37 2
14 41 2
15 0 2
15 43 2
15 45 2
15 46 2
16 2 2
16 6 2
16 43 2
17 2 2
17 5 2
17 22 2
17 38 2
17 44 2
17 47 2
17 48 2
17 50 2
17 58 2
18 5 2
18 31 2
18 46 2
19 5 2
19 14 2
19 36 2
19 39 2
19 43 2
20 12 2
21 8 2
21 13 2
21 14 2
21 15 2
21 18 2
21 30 2
21 35 2
21 36 2
21 39 2
21 47 2
22 8 2
22 29 2
22 32 2
22 45 2
23 23 2
23 28 2
23 29 2
23 39 2
24 14 2
24 16 2
24 25 2
24 77 2
24 81 2
25 0 2
25 23 2
25 29 2
25 31 2
25 41 2
25 43 2
25 51 2
26 30 2
26 42 2
27 14 2
27 32 2
27 41 2
27 47 2
27 57 2
27 61 2
28 1 2
28 11 2
28 19 2
28 21 2
28 24 2
28 26 2
28 27 2
28 28 2
28 34 2
28 35 2
28 37 2
28 41 2
28 63 2
28 66 2
28 67 2
28 69 2
28 71 2
29 18 2
29 72 2
30 9 2
30 10 2
30 12 2
30 13 2
30 15 2
30 19 2
30 20 2
30 23 2
30 24 2
30 26 2
30 35 2
30 37 2
30 39 2
30 40 2
30 45 2
30 47 2
30 48 2
30 49 2
30 50 2
30 51 2
30 53 2
30 54 2
30 55 2
30 56 2
30 57 2
30 60 2
30 64 2
31 1 2
31 4 2
31 8 2
31 23 2
31 24 2
31 30 2
31 31 2
31 33 2
31 35 2
31 37 2
31 42 2
31 48 2
31 51 2
31 52 2
31 58 2
32 8 2
32 13 2
32 14 2
32 18 2
32 20 2
32 24 2
32 26 2
32 34 2
32 41 2
32 44 2
32 50 2
32 52 2
33 16 2
33 42 2
34 16 2
34 28 2
36 26 2
39 14 2
39 16 2
40 6 2
40 21 2
42 6 2
42 14 2
42 20 2
42 22 2
42 30 2
42 37 2
42 38 2
42 45 2
42 46 2
42 47 2
45 5 2
45 24 2
45 30 2
47 30 2
52 3 2
52 6 2
52 7 2
52 8 2
52 18 2
52 24 2
52 40 2
53 1 2
53 18 2
57 31 2
58 1 2
58 5 2
58 6 2
58 7 2
58 15 2
58 19 2
58 21 2
58 28 2
58 30 2
58 31 2
58 33 2
58 40 2
60 6 2
60 12 2
60 17 2
62 24 2
63 6 2
63 20 2
64 4 2
66 2 2
66 17 2
66 24 2
66 25 2
66 28 2
67 6 2
67 15 2
68 4 2
68 8 2
68 12 2
68 18 2
68 20 2
68 23 2
69 4 2
69 28 2
70 2 2
70 21 2
71 4 2
71 17 2
71 23 2
72 5 2
72 18 2
72 21 2
72 22 2
72 23 2
72 24 2
73 2 2
73 9 2
73 19 2
74 4 2
74 9 2
74 17 2
74 20 2
74 24 2
75 0 2
75 4 2
75 7 2
75 10 2
75 22 2
75 24 2
76 12 2
78 16 2
79 5 2
79 7 2
79 18 2
81 21 2
82 9 2
82 15 2
82 22 2
83 0 2
83 5 2
83 7 2
83 8 2
83 18 2
83 19 2
83 25 2
83 28 2
84 6 2
84 10 2
84 12 2
84 13 2
84 19 2
84 20 2
85 2 2
85 11 2
87 22 2
87 24 2
0 3 4
0 4 4
0 10 4
0 13 4
0 18 4
0 28 4
0 29 4
0 31 4
0 39 4
0 41 4
0 44 4
1 7 4
3 6 4
3 41 4
4 1 4
4 3 4
4 4 4
4 5 4
4 18 4
4 20 4
4 24 4
4 25 4
4 26 4
4 27 4
4 29 4
4 35 4
4 37 4
4 39 4
4 45 4
4 47 4
4 48 4
4 50 4
4 57 4
5 8 4
5 13 4
5 16 4
6 36 4
6 47 4
7 2 4
7 7 4
7 27 4
7 40 4
8 2 4
8 6 4
8 8 4
8 10 4
8 11 4
8 15 4
8 20 4
8 22 4
8 23 4
8 28 4
8 29 4
8 31 4
8 35 4
8 39 4
8 40 4
8 47 4
9 2 4
9 4 4
9 5 4
9 8 4
9 9 4
9 10 4
9 11 4
9 12 4
9 17 4
9 28 4
9 31 4
9 32 4
9 37 4
9 40 4
9 45 4
9 47 4
9 48 4
10 1 4
10 12 4
10 19 4
10 46 4
11 3 4
11 6 4
11 8 4
11 18 4
11 23 4
11 25 4
11 26 4
11 39 4
12 0 4
12 22 4
12 31 4
12 35 4
12 38 4
12 48 4
13 47 4
14 4 4
14 8 4
14 17 4
14 28 4
14 31 4
14 33 4
14 47 4
14 48 4
15 0 4
15 24 4
15 38 4
15 45 4
15 46 4
16 6 4
16 12 4
17 2 4
17 4 4
17 22 4
17 25 4
17 49 4
17 53 4
17 58 4
18 2 4
18 11 4
18 36 4
19 39 4
19 46 4
20 0 4
20 12 4
20 30 4
21 2 4
21 13 4
21 14 4
21 15 4
21 18 4
21 37 4
21 54 4
22 15 4
22 23 4
22 32 4
22 40 4
22 45 4
23 29 4
23 39 4
24 10 4
24 77 4
24 81 4
25 0 4
25 17 4
25 29 4
25 50 4
25 53 4
26 15 4
26 30 4
27 14 4
27 23 4
27 32 4
27 41 4
28 1 4
28 7 4
28 11 4
28 15 4
28 17 4
28 18 4
28 27 4
28 28 4
28 29 4
28 30 4
28 34 4
28 35 4
28 37 4
28 38 4
28 49 4
28 52 4
28 62 4
28 66 4
28 67 4
28 68 4
29 39 4
29 58 4
30 2 4
30 6 4
30 9 4
30 10 4
30 12 4
30 13 4
30 15 4
30 16 4
30 20 4
30 23 4
30 24 4
30 26 4
30 31 4
30 35 4
30 36 4
30 39 4
30 45 4
30 47 4
30 48 4
30 50 4
30 51 4
30 53 4
30 54 4
30 55 4
30 56 4
30 57 4
30 58 4
30 59 4
30 64 4
31 1 4
31 4 4
31 5 4
31 6 4
31 7 4
31 8 4
31 10 4
31 13 4
31 14 4
31 15 4
31 16 4
31 17 4
31 19 4
31 21 4
31 23 4
31 24 4
31 28 4
31 29 4
31 30 4
31 31 4
31 32 4
31 33 4
31 34 4
31 35 4
31 37 4
31 38 4
31 40 4
31 42 4
31 43 4
31 46 4
31 47 4
31 48 4
31 50 4
31 51 4
31 52 4
31 53 4
31 54 4
31 56 4
31 57 4
31 58 4
31 59 4
32 8 4
32 18 4
32 20 4
32 27 4
32 34 4
32 36 4
32 45 4
32 46 4
33 16 4
34 21 4
34 28 4
34 30 4
35 1 4
35 21 4
35 25 4
36 1 4
36 26 4
39 4 4
39 16 4
39 23 4
40 24 4
40 45 4
42 2 4
42 14 4
42 30 4
42 46 4
47 28 4
50 3 4
52 3 4
52 6 4
52 14 4
52 38 4
55 2 4
55 23 4
55 30 4
57 19 4
57 31 4
58 0 4
58 1 4
58 5 4
58 7 4
58 14 4
58 15 4
58 19 4
58 28 4
58 30 4
58 31 4
58 35 4
58 40 4
58 46 4
60 6 4
60 17 4
64 4 4
66 2 4
66 25 4
67 6 4
67 27 4
68 4 4
68 9 4
68 23 4
69 1 4
69 4 4
69 17 4
71 1 4
71 5 4
71 6 4
72 18 4
72 21 4
72 23 4
73 3 4
74 5 4
74 9 4
74 17 4
74 20 4
74 24 4
75 4 4
75 6 4
75 7 4
75 10 4
75 20 4
75 22 4
75 24 4
79 5 4
79 18 4
79 20 4
81 3 4
82 13 4
82 20 4
82 22 4
83 3 4
83 7 4
83 13 4
83 22 4
84 10 4
84 13 4
84 17 4
84 18 4
84 19 4
84 20 4
85 2 4
85 19 4
87 7 4
87 27 4
0 3 6
0 10 6
0 18 6
0 28 6
0 31 6
0 39 6
0 41 6
0 44 6
0 54 6
1 7 6
3 44 6
4 4 6
4 7 6
4 8 6
4 14 6
4 15 6
4 18 6
4 20 6
4 24 6
4 25 6
4 27 6
4 28 6
4 29 6
4 30 6
4 35 6
4 37 6
4 44 6
4 45 6
4 47 6
4 57 6
5 32 6
6 47 6
6 52 6
7 2 6
7 7 6
7 27 6
7 40 6
7 43 6
8 6 6
8 8 6
8 15 6
8 21 6
8 23 6
8 28 6
8 31 6
8 40 6
8 47 6
9 2 6
9 4 6
9 7 6
9 8 6
9 9 6
9 10 6
9 11 6
9 12 6
9 16 6
9 17 6
9 23 6
9 28 6
9 32 6
9 37 6
9 47 6
9 48 6
10 6 6
11 26 6
11 31 6
11 46 6
11 48 6
11 49 6
12 1 6
12 2 6
12 28 6
12 41 6
12 48 6
14 1 6
14 8 6
14 21 6
14 22 6
14 28 6
14 31 6
14 33 6
14 43 6
14 47 6
14 48 6
15 6 6
15 31 6
15 38 6
16 6 6
16 12 6
16 30 6
17 6 6
17 37 6
17 41 6
17 52 6
18 15 6
19 20 6
19 32 6
19 36 6
19 38 6
20 15 6
21 39 6
21 44 6
21 54 6
22 14 6
22 26 6
22 40 6
22 44 6
23 29 6
24 29 6
24 56 6
24 63 6
24 65 6
24 81 6
25 0 6
25 13 6
25 29 6
26 13 6
26 38 6
28 1 6
28 11 6
28 15 6
28 18 6
28 23 6
28 34 6
28 42 6
28 47 6
28 52 6
28 53 6
28 57 6
28 58 6
28 62 6
28 66 6
28 68 6
28 70 6
29 7 6
29 10 6
29 15 6
29 16 6
29 35 6
29 44 6
29 56 6
29 63 6
29 67 6
29 69 6
29 74 6
30 6 6
30 8 6
30 10 6
30 12 6
30 13 6
30 15 6
30 16 6
30 20 6
30 23 6
30 26 6
30 31 6
30 33 6
30 35 6
30 36 6
30 37 6
30 39 6
30 47 6
30 50 6
30 54 6
30 55 6
30 56 6
30 58 6
30 59 6
31 6 6
31 9 6
31 10 6
31 13 6
31 15 6
31 16 6
31 19 6
31 21 6
31 31 6
31 34 6
31 35 6
31 38 6
31 42 6
31 43 6
31 46 6
31 47 6
31 50 6
31 51 6
31 57 6
31 58 6
31 59 6
32 21 6
32 24 6
32 44 6
32 45 6
32 48 6
33 16 6
34 1 6
34 6 6
34 13 6
34 21 6
34 22 6
34 25 6
34 26 6
34 28 6
34 30 6
34 34 6
34 37 6
34 39 6
34 40 6
34 41 6
34 42 6
35 21 6
36 1 6
36 5 6
36 23 6
36 26 6
36 29 6
38 42 6
39 21 6
40 16 6
42 30 6
42 38 6
44 15 6
44 19 6
44 47 6
45 38 6
46 2 6
46 19 6
50 3 6
52 3 6
55 30 6
57 30 6
57 46 6
58 7 6
58 9 6
58 11 6
58 15 6
58 19 6
58 30 6
58 31 6
58 35 6
60 17 6
61 18 6
62 18 6
65 18 6
67 6 6
68 4 6
68 23 6
69 0 6
70 19 6
71 8 6
71 29 6
72 3 6
72 4 6
72 18 6
72 23 6
73 3 6
73 20 6
74 9 6
74 17 6
74 20 6
75 7 6
75 10 6
75 16 6
75 23 6
76 22 6
79 5 6
79 18 6
79 27 6
80 5 6
82 13 6
83 3 6
83 11 6
83 12 6
83 18 6
84 6 6
84 10 6
84 13 6
84 17 6
85 9 6
85 19 6
85 21 6
87 5 6
87 12 6
0 21 8
0 26 8
0 31 8
0 39 8
0 44 8
1 7 8
3 5 8
3 13 8
3 27 8
3 56 8
4 4 8
4 15 8
4 18 8
4 20 8
4 22 8
4 27 8
4 29 8
4 30 8
4 35 8
4 43 8
4 44 8
4 45 8
4 50 8
4 57 8
5 49 8
6 18 8
6 24 8
6 52 8
6 57 8
7 27 8
7 33 8
7 40 8
8 15 8
8 22 8
8 31 8
8 35 8
8 40 8
8 47 8
9 3 8
9 4 8
9 11 8
9 12 8
9 14 8
9 16 8
9 22 8
9 32 8
9 38 8
9 41 8
9 43 8
9 47 8
9 48 8
10 6 8
11 12 8
11 26 8
11 46 8
11 48 8
12 3 8
12 19 8
12 27 8
12 28 8
12 29 8
12 34 8
12 42 8
12 48 8
13 22 8
14 27 8
14 28 8
14 31 8
14 33 8
14 41 8
14 44 8
14 46 8
14 47 8
15 6 8
15 31 8
15 38 8
16 6 8
16 40 8
17 3 8
17 25 8
17 47 8
19 20 8
19 36 8
19 39 8
20 15 8
21 18 8
21 44 8
21 54 8
21 56 8
22 5 8
22 14 8
22 29 8
22 37 8
22 48 8
23 35 8
24 7 8
24 17 8
24 40 8
24 63 8
24 65 8
25 0 8
25 23 8
25 26 8
25 48 8
25 55 8
28 8 8
28 14 8
28 16 8
28 18 8
28 23 8
28 34 8
28 45 8
28 46 8
28 47 8
28 48 8
28 51 8
28 53 8
28 58 8
28 66 8
29 4 8
29 7 8
29 15 8
29 23 8
29 35 8
29 40 8
29 46 8
29 63 8
29 74 8
29 76 8
30 8 8
30 12 8
30 13 8
30 15 8
30 20 8
30 23 8
30 26 8
30 28 8
30 32 8
30 33 8
30 35 8
30 47 8
30 54 8
30 58 8
31 0 8
31 1 8
31 13 8
31 15 8
31 30 8
31 33 8
31 34 8
31 35 8
31 46 8
31 51 8
31 59 8
32 13 8
32 16 8
32 21 8
32 24 8
32 52 8
33 8 8
34 1 8
34 6 8
34 17 8
34 21 8
34 22 8
34 25 8
34 34 8
34 35 8
34 38 8
34 41 8
35 23 8
35 28 8
35 43 8
36 10 8
36 12 8
36 23 8
36 26 8
36 29 8
37 38 8
38 42 8
39 2 8
39 37 8
44 2 8
44 4 8
44 12 8
44 15 8
44 19 8
44 21 8
44 30 8
44 35 8
51 33 8
52 3 8
53 30 8
56 3 8
57 18 8
57 32 8
58 5 8
58 12 8
58 41 8
67 6 8
68 23 8
69 3 8
69 22 8
70 21 8
71 25 8
72 3 8
72 17 8
74 9 8
74 17 8
75 3 8
75 7 8
75 10 8
75 23 8
75 26 8
76 7 8
76 22 8
79 5 8
79 14 8
79 18 8
83 6 8
83 20 8
83 25 8
84 6 8
84 10 8
84 13 8
84 17 8
85 3 8
85 9 8
85 19 8
85 23 8
86 20 8
0 18 10
0 21 10
0 31 10
0 36 10
0 39 10
0 43 10
0 44 10
1 3 10
3 13 10
3 18 10
3 46 10
3 49 10
3 56 10
4 4 10
4 10 10
4 15 10
4 17 10
4 18 10
4 20 10
4 27 10
4 28 10
4 29 10
4 34 10
4 41 10
4 43 10
4 44 10
4 45 10
4 50 10
4 52 10
4 55 10
4 58 10
5 8 10
5 28 10
5 34 10
5 36 10
5 42 10
5 45 10
5 49 10
5 55 10
5 57 10
6 36 10
6 52 10
7 8 10
7 11 10
7 24 10
7 27 10
7 40 10
7 42 10
8 15 10
8 47 10
9 3 10
9 4 10
9 12 10
9 16 10
9 22 10
9 26 10
9 40 10
9 41 10
9 47 10
10 6 10
11 12 10
11 16 10
11 18 10
11 26 10
11 38 10
11 46 10
11 48 10
12 6 10
12 19 10
12 28 10
12 29 10
12 31 10
12 34 10
12 42 10
12 43 10
12 45 10
13 20 10
13 22 10
13 41 10
14 12 10
14 25 10
14 27 10
14 28 10
14 30 10
14 33 10
14 44 10
15 4 10
15 9 10
15 19 10
15 21 10
15 35 10
15 45 10
16 6 10
17 0 10
17 3 10
17 12 10
17 14 10
17 22 10
17 27 10
17 29 10
17 44 10
17 48 10
19 17 10
21 9 10
21 18 10
21 20 10
21 47 10
22 23 10
22 35 10
22 41 10
22 48 10
23 26 10
23 35 10
23 37 10
24 7 10
24 17 10
24 81 10
25 0 10
25 13 10
25 15 10
25 26 10
25 41 10
25 43 10
25 48 10
25 55 10
25 59 10
28 8 10
28 13 10
28 14 10
28 18 10
28 21 10
28 23 10
28 24 10
28 26 10
28 29 10
28 45 10
28 48 10
28 53 10
28 56 10
28 63 10
28 66 10
28 69 10
29 2 10
29 4 10
29 6 10
29 23 10
29 58 10
29 72 10
30 10 10
30 23 10
30 26 10
30 35 10
30 47 10
31 1 10
31 6 10
31 13 10
31 19 10
31 21 10
31 24 10
31 25 10
31 32 10
31 34 10
31 35 10
31 41 10
31 42 10
31 44 10
31 45 10
31 47 10
31 50 10
31 51 10
32 7 10
32 35 10
32 38 10
34 0 10
34 1 10
34 6 10
34 8 10
34 14 10
34 15 10
34 17 10
34 21 10
34 37 10
34 43 10
34 46 10
36 2 10
36 7 10
36 26 10
36 29 10
39 2 10
39 13 10
39 34 10
39 36 10
39 40 10
40 21 10
42 36 10
42 38 10
42 45 10
43 6 10
44 19 10
44 28 10
44 30 10
44 35 10
44 36 10
50 7 10
51 33 10
53 5 10
53 7 10
53 30 10
55 3 10
55 16 10
55 22 10
55 36 10
57 28 10
57 44 10
58 5 10
58 6 10
58 7 10
58 14 10
58 30 10
62 9 10
66 8 10
66 19 10
67 19 10
68 3 10
68 9 10
69 22 10
70 29 10
71 6 10
71 9 10
73 3 10
73 5 10
74 6 10
74 9 10
74 17 10
74 19 10
74 25 10
75 3 10
75 7 10
75 8 10
75 23 10
76 27 10
77 3 10
79 18 10
79 29 10
83 6 10
83 8 10
83 18 10
83 25 10
84 8 10
84 10 10
84 24 10
85 3 10
85 6 10
85 9 10
85 19 10
0 6 12
0 15 12
0 18 12
0 19 12
0 27 12
0 31 12
0 34 12
0 43 12
0 44 12
0 55 12
1 3 12
3 13 12
3 18 12
3 30 12
4 0 12
4 2 12
4 4 12
4 8 12
4 10 12
4 15 12
4 17 12
4 18 12
4 20 12
4 24 12
4 26 12
4 27 12
4 28 12
4 29 12
4 34 12
4 41 12
4 43 12
4 44 12
4 45 12
4 50 12
4 51 12
4 52 12
4 56 12
4 58 12
5 6 12
5 8 12
5 15 12
5 28 12
5 33 12
5 36 12
5 55 12
6 36 12
6 52 12
7 0 12
7 2 12
7 6 12
7 7 12
7 11 12
7 14 12
7 21 12
7 22 12
7 23 12
7 24 12
7 27 12
7 33 12
7 40 12
7 42 12
8 15 12
8 47 12
9 4 12
9 10 12
9 12 12
9 13 12
9 14 12
9 16 12
9 19 12
9 23 12
9 30 12
9 40 12
10 6 12
11 0 12
11 1 12
11 12 12
11 18 12
11 26 12
11 38 12
11 44 12
12 4 12
12 5 12
12 6 12
12 14 12
12 28 12
12 42 12
12 44 12
12 45 12
13 6 12
13 20 12
13 35 12
14 12 12
14 27 12
14 28 12
14 30 12
14 45 12
15 45 12
17 0 12
17 20 12
17 27 12
17 29 12
17 31 12
17 51 12
17 55 12
17 62 12
18 6 12
18 25 12
18 53 12
20 38 12
21 14 12
21 28 12
21 33 12
22 5 12
22 10 12
22 27 12
23 7 12
23 22 12
23 41 12
25 0 12
25 7 12
25 23 12
26 32 12
27 47 12
27 54 12
28 13 12
28 15 12
28 16 12
28 18 12
28 19 12
28 21 12
28 23 12
28 26 12
28 37 12
28 39 12
28 48 12
28 56 12
28 66 12
28 69 12
28 70 12
28 72 12
29 1 12
29 2 12
29 4 12
29 6 12
29 8 12
29 15 12
29 20 12
29 22 12
29 33 12
29 41 12
29 49 12
29 50 12
29 58 12
29 59 12
29 61 12
29 62 12
29 63 12
29 67 12
29 69 12
29 70 12
30 10 12
30 18 12
30 31 12
30 35 12
30 53 12
30 57 12
31 1 12
31 4 12
31 5 12
31 6 12
31 7 12
31 8 12
31 9 12
31 12 12
31 13 12
31 15 12
31 17 12
31 19 12
31 20 12
31 21 12
31 23 12
31 24 12
31 28 12
31 32 12
31 34 12
31 36 12
31 37 12
31 38 12
31 40 12
31 41 12
31 42 12
31 43 12
31 44 12
31 45 12
31 46 12
31 47 12
31 48 12
31 50 12
31 51 12
31 52 12
31 54 12
31 55 12
31 57 12
31 58 12
32 15 12
32 38 12
34 1 12
34 2 12
34 5 12
34 6 12
34 9 12
34 16 12
34 19 12
34 27 12
34 37 12
34 45 12
34 46 12
36 7 12
36 29 12
38 21 12
38 35 12
39 21 12
40 4 12
41 2 12
41 4 12
41 5 12
41 8 12
41 9 12
41 10 12
41 11 12
41 13 12
41 14 12
41 15 12
41 16 12
41 17 12
41 21 12
41 23 12
41 24 12
41 26 12
41 27 12
41 28 12
41 29 12
41 32 12
41 34 12
41 37 12
41 38 12
41 42 12
41 45 12
41 46 12
42 2 12
42 28 12
43 3 12
43 40 12
44 19 12
44 23 12
44 30 12
44 36 12
45 3 12
45 11 12
45 12 12
46 30 12
47 3 12
47 38 12
48 33 12
50 24 12
51 18 12
51 33 12
52 1 12
53 3 12
53 18 12
53 19 12
55 15 12
57 1 12
57 7 12
58 3 12
58 7 12
58 19 12
58 21 12
58 24 12
58 38 12
58 44 12
62 1 12
62 9 12
66 2 12
66 8 12
67 15 12
67 19 12
67 22 12
67 25 12
69 25 12
72 22 12
73 2 12
73 3 12
74 6 12
74 14 12
74 17 12
74 19 12
74 24 12
75 4 12
75 7 12
75 11 12
75 17 12
79 29 12
83 8 12
83 18 12
85 3 12
85 22 12
86 5 12
87 24 12
87 29 12
0 18 14
0 27 14
0 43 14
0 44 14
1 11 14
3 13 14
3 44 14
3 51 14
4 0 14
4 1 14
4 2 14
4 8 14
4 10 14
4 13 14
4 15 14
4 18 14
4 20 14
4 21 14
4 22 14
4 24 14
4 26 14
4 27 14
4 28 14
4 29 14
4 36 14
4 41 14
4 43 14
4 44 14
4 45 14
4 55 14
5 4 14
5 6 14
5 8 14
5 27 14
5 32 14
5 36 14
5 53 14
6 17 14
6 36 14
6 38 14
6 52 14
7 0 14
7 3 14
7 6 14
7 11 14
7 22 14
7 36 14
7 37 14
8 15 14
8 47 14
9 1 14
9 4 14
9 5 14
9 6 14
9 10 14
9 12 14
9 13 14
9 14 14
9 18 14
9 19 14
9 23 14
9 30 14
9 31 14
9 35 14
9 45 14
10 6 14
11 7 14
11 13 14
11 38 14
12 5 14
12 6 14
12 9 14
12 10 14
12 17 14
12 18 14
12 24 14
12 28 14
12 31 14
12 35 14
12 49 14
13 6 14
14 11 14
14 20 14
14 28 14
14 45 14
14 46 14
15 30 14
17 20 14
17 29 14
17 39 14
17 46 14
17 58 14
18 25 14
18 42 14
18 53 14
20 12 14
20 38 14
21 15 14
21 26 14
21 28 14
22 10 14
23 20 14
23 41 14
24 81 14
25 7 14
25 13 14
25 31 14
25 57 14
27 5 14
27 11 14
28 10 14
28 14 14
28 15 14
28 16 14
28 18 14
28 19 14
28 26 14
28 27 14
28 34 14
28 37 14
28 39 14
28 46 14
28 55 14
28 61 14
28 65 14
28 66 14
28 70 14
29 0 14
29 1 14
29 2 14
29 3 14
29 4 14
29 5 14
29 6 14
29 7 14
29 8 14
29 10 14
29 12 14
29 15 14
29 16 14
29 17 14
29 19 14
29 20 14
29 21 14
29 22 14
29 24 14
29 25 14
29 26 14
29 27 14
29 28 14
29 33 14
29 39 14
29 40 14
29 41 14
29 42 14
29 43 14
29 44 14
29 45 14
29 47 14
29 49 14
29 50 14
29 57 14
29 58 14
29 59 14
29 60 14
29 61 14
29 63 14
29 64 14
29 66 14
29 67 14
29 69 14
29 70 14
29 75 14
29 76 14
29 77 14
29 78 14
30 4 14
30 8 14
30 10 14
30 15 14
30 35 14
30 36 14
30 40 14
30 47 14
30 48 14
30 49 14
30 53 14
30 54 14
30 55 14
30 56 14
30 57 14
30 58 14
30 62 14
30 65 14
30 66 14
31 1 14
31 4 14
31 5 14
31 6 14
31 7 14
31 8 14
31 9 14
31 10 14
31 12 14
31 13 14
31 15 14
31 17 14
31 18 14
31 19 14
31 21 14
31 23 14
31 24 14
31 30 14
31 31 14
31 32 14
31 34 14
31 36 14
31 38 14
31 40 14
31 41 14
31 42 14
31 43 14
31 44 14
31 45 14
31 46 14
31 47 14
31 48 14
31 50 14
31 51 14
31 52 14
31 54 14
31 55 14
31 57 14
31 58 14
32 38 14
33 37 14
34 1 14
34 4 14
34 5 14
34 19 14
34 28 14
34 45 14
34 46 14
35 39 14
36 9 14
36 28 14
37 13 14
37 22 14
37 38 14
39 10 14
39 32 14
41 6 14
41 8 14
41 11 14
41 13 14
41 14 14
41 15 14
41 21 14
41 23 14
41 25 14
41 27 14
41 30 14
41 32 14
41 37 14
41 38 14
41 46 14
42 28 14
43 6 14
43 7 14
43 14 14
44 23 14
45 12 14
45 15 14
46 2 14
46 4 14
46 5 14
46 6 14
46 14 14
46 16 14
46 19 14
46 23 14
46 27 14
46 30 14
46 31 14
46 33 14
46 36 14
46 39 14
46 45 14
50 4 14
51 3 14
51 18 14
51 19 14
51 33 14
52 22 14
53 3 14
53 24 14
53 30 14
55 16 14
56 12 14
57 7 14
57 19 14
57 30 14
58 3 14
58 14 14
58 19 14
58 25 14
58 30 14
58 32 14
58 42 14
58 44 14
60 6 14
60 17 14
62 18 14
62 21 14
63 7 14
63 20 14
69 6 14
69 29 14
72 9 14
73 2 14
73 3 14
74 17 14
74 24 14
75 4 14
75 7 14
76 21 14
78 23 14
83 2 14
84 17 14
85 0 14
85 2 14
85 3 14
86 18 14
87 1 14
87 18 14
0 5 16
0 13 16
0 27 16
0 34 16
0 36 16
0 43 16
0 44 16
0 55 16
1 11 16
2 3 16
3 9 16
3 13 16
3 36 16
4 0 16
4 1 16
4 2 16
4 8 16
4 10 16
4 15 16
4 21 16
4 22 16
4 24 16
4 25 16
4 26 16
4 28 16
4 29 16
4 30 16
4 36 16
4 41 16
4 42 16
4 43 16
4 44 16
5 4 16
5 8 16
5 27 16
5 36 16
5 53 16
6 10 16
6 17 16
6 36 16
6 52 16
6 53 16
7 6 16
7 11 16
7 38 16
7 48 16
8 15 16
8 47 16
9 1 16
9 5 16
9 6 16
9 7 16
9 12 16
9 13 16
9 14 16
9 18 16
9 19 16
9 22 16
9 23 16
9 29 16
9 30 16
9 31 16
9 33 16
9 35 16
9 36 16
9 45 16
10 6 16
11 38 16
11 40 16
12 6 16
12 10 16
12 18 16
12 28 16
12 31 16
12 35 16
12 48 16
13 6 16
14 11 16
14 24 16
14 28 16
14 42 16
14 46 16
15 3 16
15 10 16
17 5 16
17 13 16
17 14 16
17 41 16
17 49 16
17 58 16
18 45 16
20 12 16
21 26 16
21 33 16
22 7 16
22 13 16
22 23 16
22 44 16
23 39 16
23 46 16
24 16 16
24 46 16
24 73 16
24 81 16
25 16 16
25 47 16
26 34 16
26 43 16
27 15 16
27 42 16
28 1 16
28 4 16
28 7 16
28 9 16
28 10 16
28 15 16
28 16 16
28 18 16
28 22 16
28 25 16
28 27 16
28 31 16
28 33 16
28 34 16
28 35 16
28 37 16
28 39 16
28 41 16
28 49 16
28 54 16
28 55 16
28 65 16
28 66 16
28 70 16
29 1 16
29 2 16
29 3 16
29 4 16
29 5 16
29 6 16
29 7 16
29 8 16
29 9 16
29 10 16
29 12 16
29 15 16
29 16 16
29 17 16
29 19 16
29 20 16
29 21 16
29 22 16
29 23 16
29 24 16
29 25 16
29 26 16
29 27 16
29 28 16
29 31 16
29 33 16
29 36 16
29 37 16
29 39 16
29 40 16
29 41 16
29 42 16
29 43 16
29 44 16
29 45 16
29 46 16
29 47 16
29 48 16
29 49 16
29 50 16
29 51 16
29 52 16
29 54 16
29 55 16
29 56 16
29 57 16
29 59 16
29 60 16
29 61 16
29 62 16
29 63 16
29 66 16
29 67 16
29 68 16
29 69 16
29 70 16
29 71 16
29 75 16
29 76 16
29 77 16
29 78 16
29 79 16
30 35 16
30 47 16
30 55 16
30 66 16
31 1 16
31 4 16
31 6 16
31 7 16
31 8 16
31 9 16
31 10 16
31 12 16
31 15 16
31 19 16
31 21 16
31 23 16
31 30 16
31 31 16
31 32 16
31 34 16
31 36 16
31 37 16
31 38 16
31 42 16
31 44 16
31 45 16
31 47 16
31 48 16
31 50 16
31 51 16
31 52 16
31 57 16
31 58 16
31 59 16
32 34 16
32 38 16
34 0 16
34 5 16
34 11 16
34 19 16
34 34 16
34 41 16
34 42 16
35 2 16
35 39 16
36 17 16
36 33 16
37 2 16
37 4 16
37 40 16
38 13 16
38 32 16
40 21 16
41 6 16
41 9 16
41 14 16
41 21 16
41 22 16
41 23 16
41 24 16
41 29 16
41 30 16
41 33 16
41 46 16
41 47 16
42 1 16
42 5 16
42 6 16
42 14 16
42 19 16
42 21 16
42 24 16
42 27 16
42 29 16
42 30 16
42 37 16
42 39 16
42 40 16
42 44 16
43 6 16
44 19 16
45 15 16
46 0 16
46 2 16
46 4 16
46 5 16
46 6 16
46 7 16
46 14 16
46 20 16
46 22 16
46 24 16
46 28 16
46 31 16
46 32 16
46 33 16
46 35 16
46 36 16
46 37 16
46 38 16
46 45 16
46 47 16
49 38 16
50 7 16
50 16 16
51 3 16
53 2 16
53 3 16
53 30 16
55 16 16
56 12 16
57 7 16
57 44 16
58 3 16
58 14 16
58 16 16
58 18 16
58 19 16
58 30 16
58 32 16
58 44 16
59 14 16
59 30 16
60 6 16
62 18 16
62 26 16
66 8 16
66 12 16
66 18 16
67 17 16
68 8 16
69 6 16
70 2 16
70 11 16
70 26 16
71 8 16
71 19 16
71 28 16
72 28 16
73 2 16
73 3 16
74 9 16
74 17 16
75 4 16
75 7 16
75 21 16
76 18 16
77 16 16
78 16 16
80 24 16
80 28 16
82 16 16
83 12 16
84 17 16
84 23 16
85 0 16
85 3 16
86 18 16
87 1 16
0 13 18
0 27 18
0 45 18
0 55 18
2 9 18
2 33 18
4 1 18
4 2 18
4 3 18
4 4 18
4 8 18
4 10 18
4 11 18
4 13 18
4 14 18
4 18 18
4 24 18
4 25 18
4 26 18
4 28 18
4 29 18
4 30 18
4 39 18
4 41 18
4 42 18
4 43 18
4 45 18
4 46 18
4 47 18
4 49 18
4 51 18
4 53 18
4 54 18
4 58 18
5 8 18
5 53 18
6 8 18
6 26 18
6 48 18
6 52 18
6 53 18
6 55 18
7 47 18
8 15 18
9 1 18
9 6 18
9 7 18
9 9 18
9 11 18
9 12 18
9 13 18
9 18 18
9 19 18
9 22 18
9 23 18
9 30 18
9 31 18
9 33 18
9 36 18
9 41 18
9 45 18
9 48 18
9 49 18
10 6 18
11 43 18
12 6 18
12 10 18
12 18 18
12 22 18
12 32 18
12 36 18
13 6 18
14 14 18
14 27 18
14 28 18
14 35 18
14 41 18
14 46 18
15 10 18
17 11 18
17 14 18
17 19 18
17 28 18
17 41 18
17 49 18
17 60 18
18 27 18
18 36 18
18 48 18
20 12 18
21 33 18
22 7 18
22 13 18
22 32 18
22 46 18
22 51 18
24 7 18
24 39 18
24 63 18
24 73 18
24 81 18
25 16 18
25 21 18
25 27 18
25 31 18
25 32 18
25 41 18
27 13 18
28 5 18
28 7 18
28 9 18
28 12 18
28 18 18
28 19 18
28 25 18
28 31 18
28 44 18
28 45 18
28 55 18
28 62 18
28 65 18
28 71 18
28 72 18
29 1 18
29 4 18
29 5 18
29 6 18
29 7 18
29 9 18
29 10 18
29 12 18
29 15 18
29 16 18
29 17 18
29 19 18
29 20 18
29 21 18
29 22 18
29 24 18
29 25 18
29 27 18
29 28 18
29 30 18
29 31 18
29 33 18
29 34 18
29 36 18
29 37 18
29 39 18
29 40 18
29 41 18
29 42 18
29 43 18
29 45 18
29 46 18
29 47 18
29 48 18
29 49 18
29 50 18
29 52 18
29 54 18
29 56 18
29 57 18
29 59 18
29 60 18
29 61 18
29 62 18
29 63 18
29 65 18
29 66 18
29 67 18
29 68 18
29 69 18
29 70 18
29 72 18
29 75 18
29 77 18
29 78 18
29 79 18
30 33 18
30 35 18
30 36 18
30 47 18
30 52 18
31 1 18
31 4 18
31 5 18
31 7 18
31 9 18
31 10 18
31 12 18
31 13 18
31 18 18
31 19 18
31 21 18
31 23 18
31 24 18
31 26 18
31 29 18
31 31 18
31 33 18
31 34 18
31 36 18
31 38 18
31 39 18
31 40 18
31 41 18
31 42 18
31 44 18
31 46 18
31 47 18
31 48 18
31 50 18
31 51 18
31 52 18
31 56 18
31 57 18
31 59 18
32 1 18
32 13 18
32 28 18
32 56 18
34 0 18
34 42 18
35 2 18
35 39 18
36 33 18
38 10 18
41 6 18
41 9 18
41 11 18
41 14 18
41 15 18
41 19 18
41 21 18
41 22 18
41 23 18
41 24 18
41 32 18
41 39 18
41 43 18
41 46 18
41 47 18
42 1 18
42 2 18
42 4 18
42 5 18
42 6 18
42 12 18
42 14 18
42 19 18
42 21 18
42 22 18
42 29 18
42 30 18
42 47 18
43 30 18
45 30 18
46 4 18
46 5 18
46 6 18
46 7 18
46 8 18
46 14 18
46 19 18
46 20 18
46 22 18
46 24 18
46 29 18
46 36 18
46 38 18
46 42 18
46 45 18
46 46 18
50 7 18
50 29 18
51 3 18
53 3 18
53 30 18
53 39 18
55 16 18
57 3 18
57 18 18
57 30 18
57 44 18
58 6 18
58 11 18
58 14 18
58 16 18
58 18 18
58 19 18
58 30 18
60 5 18
64 20 18
66 12 18
66 18 18
66 19 18
67 17 18
68 8 18
68 20 18
70 26 18
71 8 18
71 28 18
72 5 18
72 7 18
72 22 18
73 20 18
74 9 18
74 17 18
74 19 18
75 21 18
76 21 18
76 26 18
77 16 18
79 10 18
82 16 18
82 20 18
82 23 18
83 7 18
83 11 18
83 16 18
84 10 18
84 23 18
85 3 18
87 1 18
0 6 20
0 8 20
0 10 20
0 11 20
0 13 20
0 32 20
0 38 20
0 53 20
0 55 20
3 1 20
3 41 20
4 0 20
4 1 20
4 3 20
4 4 20
4 7 20
4 8 20
4 10 20
4 11 20
4 12 20
4 13 20
4 14 20
4 16 20
4 18 20
4 22 20
4 24 20
4 25 20
4 26 20
4 27 20
4 28 20
4 29 20
4 30 20
4 34 20
4 39 20
4 42 20
4 43 20
4 45 20
4 47 20
4 48 20
4 49 20
4 50 20
4 51 20
4 54 20
4 55 20
4 58 20
5 8 20
5 13 20
5 21 20
5 53 20
6 8 20
6 13 20
6 16 20
6 52 20
6 55 20
7 47 20
8 15 20
8 41 20
8 48 20
9 6 20
9 7 20
9 11 20
9 12 20
9 13 20
9 19 20
9 20 20
9 23 20
9 30 20
9 31 20
9 36 20
9 45 20
9 49 20
10 6 20
10 44 20
11 12 20
11 18 20
11 22 20
11 40 20
11 44 20
12 2 20
12 6 20
12 10 20
12 22 20
12 40 20
12 45 20
13 6 20
14 27 20
14 31 20
14 35 20
14 46 20
15 10 20
15 14 20
15 36 20
15 49 20
17 18 20
17 41 20
17 43 20
17 60 20
18 2 20
18 8 20
18 15 20
18 24 20
18 25 20
18 36 20
18 53 20
20 12 20
21 2 20
22 1 20
22 7 20
22 8 20
22 13 20
22 23 20
22 39 20
22 45 20
22 46 20
22 51 20
24 81 20
25 1 20
25 16 20
25 21 20
25 31 20
25 55 20
27 25 20
27 45 20
27 46 20
28 5 20
28 18 20
28 19 20
28 40 20
28 59 20
28 69 20
29 2 20
29 12 20
29 15 20
29 18 20
29 35 20
29 42 20
29 48 20
29 66 20
29 67 20
29 79 20
30 31 20
30 35 20
30 36 20
30 54 20
31 8 20
31 10 20
31 18 20
31 19 20
31 23 20
31 24 20
31 29 20
31 33 20
31 34 20
31 36 20
31 39 20
31 40 20
31 41 20
31 42 20
31 46 20
31 48 20
31 49 20
31 50 20
31 51 20
31 52 20
31 55 20
31 56 20
31 57 20
31 58 20
31 59 20
32 1 20
32 13 20
32 26 20
32 34 20
32 40 20
32 41 20
32 56 20
34 21 20
34 46 20
39 5 20
39 27 20
39 35 20
40 6 20
41 5 20
41 9 20
41 19 20
41 21 20
41 22 20
41 23 20
41 24 20
41 32 20
41 38 20
41 39 20
41 43 20
41 45 20
41 46 20
41 47 20
42 4 20
42 5 20
42 6 20
42 11 20
42 14 20
42 19 20
42 21 20
42 30 20
42 44 20
43 6 20
43 21 20
45 3 20
45 4 20
45 6 20
45 16 20
45 18 20
45 30 20
45 33 20
46 4 20
46 5 20
46 6 20
46 8 20
46 9 20
46 13 20
46 14 20
46 19 20
46 24 20
46 29 20
46 30 20
46 36 20
46 38 20
46 46 20
46 47 20
49 30 20
50 7 20
50 13 20
50 29 20
50 33 20
51 3 20
52 3 20
53 2 20
53 3 20
53 7 20
53 11 20
53 30 20
53 35 20
54 32 20
57 3 20
57 6 20
57 28 20
57 30 20
57 44 20
58 1 20
58 5 20
58 6 20
58 11 20
58 16 20
58 18 20
58 19 20
58 21 20
58 30 20
58 35 20
58 38 20
58 45 20
59 30 20
60 12 20
62 11 20
63 16 20
66 8 20
66 12 20
68 20 20
69 4 20
69 20 20
69 28 20
70 4 20
71 28 20
72 21 20
72 22 20
73 20 20
74 9 20
74 11 20
74 17 20
76 21 20
76 26 20
78 14 20
79 5 20
82 23 20
82 27 20
82 29 20
83 1 20
83 7 20
83 17 20
83 28 20
84 10 20
85 3 20
87 1 20
87 2 20
87 7 20
87 9 20
87 27 20
0 3 22
0 6 22
0 8 22
0 9 22
0 10 22
0 13 22
0 29 22
0 31 22
2 4 22
4 0 22
4 1 22
4 3 22
4 4 22
4 5 22
4 7 22
4 8 22
4 10 22
4 12 22
4 13 22
4 14 22
4 15 22
4 17 22
4 18 22
4 24 22
4 26 22
4 27 22
4 28 22
4 29 22
4 30 22
4 33 22
4 34 22
4 39 22
4 41 22
4 42 22
4 43 22
4 45 22
4 46 22
4 48 22
4 49 22
4 50 22
4 51 22
4 53 22
4 54 22
4 55 22
4 58 22
5 8 22
5 15 22
5 24 22
5 53 22
6 16 22
7 22 22
8 2 22
8 6 22
8 8 22
8 15 22
8 41 22
8 48 22
9 6 22
9 7 22
9 10 22
9 11 22
9 12 22
9 13 22
9 16 22
9 18 22
9 19 22
9 20 22
9 23 22
9 30 22
9 49 22
10 6 22
11 9 22
11 44 22
12 0 22
12 6 22
12 22 22
12 38 22
12 45 22
13 6 22
13 48 22
14 17 22
14 20 22
14 24 22
14 31 22
14 35 22
14 45 22
14 46 22
15 36 22
15 49 22
17 13 22
17 43 22
17 65 22
18 2 22
18 5 22
18 15 22
18 50 22
20 38 22
21 2 22
21 52 22
22 13 22
22 19 22
22 23 22
22 36 22
22 39 22
23 11 22
23 27 22
23 34 22
24 60 22
24 81 22
27 15 22
27 25 22
28 1 22
28 9 22
28 15 22
28 23 22
28 35 22
28 40 22
28 59 22
29 2 22
29 29 22
29 35 22
29 66 22
30 2 22
30 23 22
30 33 22
30 35 22
30 42 22
30 66 22
31 1 22
31 8 22
31 15 22
31 18 22
31 23 22
31 24 22
31 29 22
31 31 22
31 32 22
31 33 22
31 34 22
31 35 22
31 36 22
31 39 22
31 40 22
31 41 22
31 42 22
31 43 22
31 46 22
31 48 22
31 49 22
31 50 22
31 51 22
31 52 22
31 55 22
31 56 22
31 57 22
31 58 22
32 0 22
32 13 22
32 34 22
32 41 22
34 21 22
39 2 22
39 14 22
39 26 22
39 35 22
41 5 22
41 9 22
41 21 22
41 24 22
41 28 22
41 29 22
41 32 22
41 33 22
41 34 22
41 38 22
41 46 22
41 47 22
42 4 22
42 5 22
42 6 22
42 11 22
42 14 22
42 18 22
42 19 22
42 21 22
42 29 22
42 30 22
42 39 22
45 3 22
45 4 22
45 7 22
45 15 22
45 18 22
45 19 22
45 28 22
45 30 22
45 31 22
45 38 22
45 40 22
46 4 22
46 6 22
46 14 22
46 18 22
46 19 22
46 24 22
46 25 22
46 28 22
46 31 22
46 40 22
46 47 22
47 6 22
47 36 22
47 40 22
47 44 22
47 47 22
48 23 22
49 28 22
49 30 22
50 0 22
50 7 22
50 14 22
50 29 22
51 18 22
51 22 22
53 2 22
53 11 22
53 18 22
53 30 22
53 35 22
57 3 22
57 6 22
57 28 22
57 44 22
58 1 22
58 5 22
58 16 22
58 21 22
58 30 22
58 35 22
58 38 22
60 28 22
66 25 22
67 17 22
67 23 22
68 20 22
69 4 22
69 20 22
72 1 22
72 6 22
72 22 22
72 25 22
74 11 22
74 17 22
74 22 22
79 5 22
80 7 22
83 7 22
83 8 22
83 28 22
84 6 22
84 10 22
85 3 22
85 23 22
87 0 22
87 1 22
87 2 22
87 7 22
87 9 22
87 29 22
0 3 24
0 9 24
0 11 24
0 21 24
0 43 24
0 44 24
3 11 24
4 0 24
4 1 24
4 3 24
4 4 24
4 5 24
4 6 24
4 7 24
4 8 24
4 10 24
4 12 24
4 13 24
4 14 24
4 15 24
4 18 24
4 20 24
4 21 24
4 22 24
4 24 24
4 26 24
4 27 24
4 28 24
4 29 24
4 30 24
4 33 24
4 34 24
4 35 24
4 37 24
4 38 24
4 39 24
4 41 24
4 43 24
4 45 24
4 46 24
4 48 24
4 49 24
4 51 24
4 54 24
4 55 24
4 58 24
5 8 24
6 10 24
7 22 24
8 6 24
8 15 24
8 35 24
8 48 24
9 4 24
9 6 24
9 7 24
9 10 24
9 11 24
9 12 24
9 13 24
9 19 24
9 26 24
9 40 24
9 45 24
9 49 24
10 6 24
11 47 24
12 0 24
12 6 24
12 7 24
12 45 24
12 47 24
13 6 24
13 47 24
14 17 24
14 29 24
14 35 24
14 46 24
15 36 24
16 22 24
17 2 24
17 5 24
17 6 24
17 20 24
17 48 24
18 14 24
18 15 24
18 50 24
21 2 24
22 6 24
22 13 24
22 19 24
22 32 24
22 36 24
23 11 24
23 13 24
23 26 24
23 32 24
23 39 24
24 36 24
24 40 24
24 57 24
24 69 24
24 81 24
25 26 24
25 41 24
25 50 24
26 31 24
28 15 24
28 17 24
28 18 24
28 35 24
28 40 24
28 43 24
28 67 24
28 69 24
28 71 24
29 1 24
29 5 24
29 10 24
29 11 24
29 21 24
29 22 24
29 23 24
29 24 24
29 28 24
29 29 24
29 42 24
29 45 24
29 46 24
29 47 24
29 51 24
29 57 24
29 58 24
29 59 24
29 61 24
29 63 24
29 66 24
29 68 24
29 69 24
29 70 24
29 72 24
29 75 24
29 78 24
30 2 24
30 16 24
30 17 24
30 20 24
30 21 24
30 23 24
30 33 24
30 35 24
30 36 24
30 42 24
30 43 24
30 48 24
30 53 24
30 54 24
30 57 24
30 58 24
30 66 24
31 1 24
31 8 24
31 12 24
31 15 24
31 18 24
31 19 24
31 23 24
31 24 24
31 29 24
31 30 24
31 31 24
31 32 24
31 33 24
31 35 24
31 36 24
31 40 24
31 42 24
31 43 24
31 48 24
31 50 24
31 51 24
31 55 24
31 57 24
31 58 24
31 59 24
32 13 24
32 23 24
32 29 24
33 2 24
36 12 24
39 32 24
39 35 24
41 3 24
41 5 24
41 6 24
41 9 24
41 13 24
41 15 24
41 16 24
41 21 24
41 24 24
41 28 24
41 32 24
41 34 24
41 35 24
41 36 24
41 38 24
41 46 24
41 47 24
42 5 24
42 6 24
42 11 24
42 14 24
42 19 24
42 21 24
42 29 24
42 30 24
42 31 24
42 45 24
43 7 24
45 3 24
45 5 24
45 7 24
45 15 24
45 18 24
45 19 24
45 28 24
45 30 24
45 41 24
46 0 24
46 6 24
46 14 24
46 25 24
46 30 24
46 40 24
46 45 24
46 47 24
47 19 24
47 47 24
50 0 24
50 3 24
50 7 24
50 18 24
50 21 24
50 29 24
51 22 24
53 30 24
53 32 24
53 39 24
57 1 24
57 3 24
57 6 24
57 28 24
57 33 24
57 44 24
58 11 24
58 16 24
60 21 24
61 23 24
62 16 24
63 22 24
63 25 24
66 4 24
66 9 24
66 25 24
66 26 24
67 17 24
67 19 24
68 20 24
69 4 24
69 20 24
72 6 24
72 18 24
72 23 24
74 6 24
74 17 24
74 22 24
75 4 24
75 7 24
75 19 24
75 21 24
78 21 24
82 20 24
83 8 24
83 28 24
84 10 24
84 23 24
85 23 24
87 1 24
87 3 24
87 7 24
87 19 24
87 23 24
87 26 24
87 27 24
0 8 26
0 9 26
0 11 26
0 21 26
0 29 26
0 43 26
0 44 26
4 1 26
4 3 26
4 4 26
4 5 26
4 6 26
4 7 26
4 8 26
4 10 26
4 11 26
4 12 26
4 13 26
4 15 26
4 18 26
4 20 26
4 21 26
4 22 26
4 23 26
4 24 26
4 26 26
4 27 26
4 28 26
4 29 26
4 33 26
4 34 26
4 35 26
4 37 26
4 39 26
4 41 26
4 45 26
4 46 26
4 47 26
4 48 26
4 51 26
4 54 26
4 55 26
4 57 26
4 58 26
5 27 26
5 53 26
5 57 26
6 10 26
6 27 26
6 42 26
6 56 26
8 6 26
8 15 26
9 0 26
9 6 26
9 7 26
9 10 26
9 11 26
9 12 26
9 13 26
9 17 26
9 19 26
9 22 26
9 26 26
9 28 26
9 29 26
9 30 26
9 34 26
9 35 26
9 37 26
9 38 26
9 40 26
9 41 26
9 45 26
9 46 26
9 49 26
10 6 26
11 6 26
11 11 26
11 15 26
11 31 26
11 40 26
11 41 26
11 45 26
11 47 26
11 48 26
12 3 26
12 4 26
12 6 26
12 7 26
12 45 26
13 6 26
14 1 26
14 2 26
14 17 26
14 25 26
14 28 26
14 31 26
14 35 26
14 40 26
14 42 26
14 46 26
15 3 26
15 33 26
16 22 26
17 5 26
17 10 26
17 16 26
17 20 26
17 31 26
17 37 26
17 44 26
17 48 26
17 54 26
18 4 26
18 14 26
18 40 26
18 50 26
20 8 26
20 12 26
20 37 26
20 38 26
21 2 26
22 8 26
22 19 26
22 23 26
22 24 26
22 39 26
23 26 26
24 41 26
24 46 26
24 48 26
24 59 26
24 81 26
24 83 26
25 0 26
25 25 26
25 50 26
26 17 26
28 2 26
28 15 26
28 35 26
28 45 26
28 71 26
29 2 26
29 63 26
30 2 26
30 33 26
30 35 26
30 36 26
30 42 26
30 48 26
30 54 26
30 66 26
31 10 26
31 15 26
31 18 26
31 23 26
31 33 26
31 36 26
31 40 26
31 42 26
31 47 26
31 48 26
32 13 26
32 23 26
32 29 26
32 38 26
32 57 26
34 40 26
35 16 26
36 5 26
39 32 26
39 35 26
40 13 26
40 14 26
40 23 26
40 27 26
41 1 26
41 6 26
41 12 26
41 13 26
41 15 26
41 32 26
41 34 26
41 35 26
41 36 26
41 38 26
41 46 26
41 47 26
42 5 26
42 6 26
42 11 26
42 14 26
42 15 26
42 19 26
42 21 26
42 23 26
42 29 26
42 30 26
42 31 26
42 45 26
43 7 26
43 23 26
43 35 26
43 38 26
44 2 26
45 3 26
45 5 26
45 7 26
45 11 26
45 15 26
45 18 26
45 30 26
45 36 26
46 4 26
46 6 26
46 12 26
46 14 26
46 22 26
46 25 26
46 28 26
46 31 26
46 46 26
46 47 26
47 47 26
50 3 26
50 7 26
50 21 26
52 3 26
52 30 26
53 18 26
53 30 26
57 7 26
57 14 26
57 15 26
57 28 26
57 33 26
57 44 26
58 3 26
58 11 26
58 14 26
58 18 26
58 20 26
59 2 26
60 21 26
62 21 26
66 9 26
66 11 26
66 28 26
67 6 26
67 17 26
68 23 26
69 20 26
72 6 26
72 23 26
74 6 26
74 7 26
74 17 26
74 22 26
77 3 26
77 25 26
78 3 26
82 20 26
83 1 26
83 13 26
83 16 26
83 28 26
84 19 26
85 21 26
85 23 26
87 1 26
87 7 26
87 23 26
