0 7 0
0 11 0
0 20 0
0 22 0
0 40 0
0 42 0
0 57 0
1 0 0
1 1 0
1 6 0
1 8 0
2 0 0
2 1 0
2 5 0
2 7 0
2 8 0
2 11 0
2 14 0
2 26 0
2 28 0
2 29 0
2 32 0
2 34 0
2 37 0
3 2 0
3 8 0
3 15 0
3 18 0
3 22 0
3 33 0
3 43 0
3 52 0
3 56 0
4 1 0
4 7 0
4 9 0
4 12 0
4 15 0
4 25 0
4 38 0
4 40 0
4 43 0
4 57 0
4 58 0
5 0 0
5 1 0
5 2 0
5 3 0
5 8 0
5 19 0
5 34 0
5 37 0
5 39 0
5 56 0
6 1 0
6 2 0
6 3 0
6 7 0
6 9 0
6 12 0
6 15 0
6 17 0
6 25 0
6 34 0
6 40 0
6 42 0
6 56 0
8 22 0
10 42 0
15 42 0
18 17 0
19 19 0
33 5 0
33 8 0
33 11 0
33 19 0
33 20 0
33 27 0
33 33 0
33 35 0
34 6 0
34 8 0
34 11 0
34 14 0
34 17 0
34 19 0
34 20 0
34 22 0
34 27 0
34 33 0
34 35 0
34 38 0
35 8 0
35 14 0
35 17 0
35 19 0
35 20 0
35 22 0
35 27 0
35 33 0
35 35 0
36 11 0
36 14 0
36 17 0
36 19 0
36 20 0
36 22 0
36 27 0
37 11 0
37 19 0
37 20 0
37 27 0
37 35 0
38 5 0
38 19 0
38 20 0
38 27 0
39 5 0
39 13 0
39 18 0
39 27 0
39 33 0
40 2 0
40 4 0
40 5 0
40 14 0
40 18 0
40 19 0
40 27 0
40 33 0
40 42 0
41 14 0
41 18 0
41 27 0
42 1 0
42 3 0
42 5 0
42 12 0
42 15 0
42 17 0
42 25 0
42 27 0
42 33 0
42 36 0
42 39 0
42 40 0
43 3 0
43 12 0
43 17 0
43 27 0
43 45 0
44 3 0
44 5 0
44 12 0
44 15 0
44 17 0
44 27 0
44 40 0
45 1 0
45 3 0
45 7 0
45 12 0
45 15 0
45 17 0
45 25 0
45 27 0
45 33 0
45 39 0
45 40 0
45 41 0
45 42 0
46 1 0
46 3 0
46 12 0
46 17 0
46 25 0
46 27 0
46 33 0
46 37 0
46 38 0
46 39 0
47 1 0
47 3 0
47 7 0
47 8 0
47 11 0
47 12 0
47 17 0
47 21 0
47 25 0
47 27 0
47 32 0
47 33 0
47 37 0
47 38 0
47 40 0
47 41 0
47 42 0
48 1 0
48 3 0
48 11 0
48 16 0
48 21 0
48 25 0
48 27 0
48 37 0
48 39 0
48 41 0
49 21 0
49 27 0
49 35 0
49 36 0
49 39 0
50 1 0
50 21 0
50 25 0
50 35 0
50 39 0
51 0 0
51 4 0
51 12 0
51 17 0
51 19 0
51 23 0
51 26 0
51 30 0
51 32 0
51 39 0
51 40 0
51 41 0
52 0 0
52 12 0
52 17 0
52 26 0
52 30 0
52 39 0
53 12 0
53 17 0
54 23 0
54 45 0
56 5 0
56 12 0
56 14 0
56 19 0
56 39 0
56 41 0
56 42 0
57 12 0
57 19 0
57 39 0
57 41 0
57 42 0
58 12 0
58 39 0
58 41 0
59 5 0
59 12 0
59 23 0
59 39 0
0 11 2
0 37 2
0 40 2
1 0 2
1 1 2
1 6 2
1 8 2
1 14 2
2 1 2
2 5 2
2 7 2
2 8 2
2 10 2
2 14 2
2 26 2
2 28 2
2 29 2
2 37 2
3 2 2
3 8 2
3 15 2
3 18 2
3 22 2
3 42 2
3 43 2
3 52 2
3 56 2
4 0 2
4 9 2
4 12 2
4 15 2
4 17 2
4 43 2
5 1 2
5 2 2
5 3 2
5 6 2
5 19 2
5 34 2
5 39 2
5 56 2
5 57 2
6 1 2
6 7 2
6 9 2
6 12 2
6 15 2
6 40 2
6 42 2
10 15 2
10 19 2
10 29 2
10 44 2
11 42 2
14 15 2
14 22 2
14 42 2
16 42 2
17 27 2
19 4 2
19 19 2
19 37 2
21 27 2
21 32 2
21 61 2
21 62 2
23 45 2
24 4 2
25 12 2
25 38 2
25 60 2
30 1 2
30 52 2
33 5 2
33 13 2
33 19 2
33 20 2
33 27 2
33 33 2
33 35 2
34 3 2
34 5 2
34 6 2
34 10 2
34 11 2
34 12 2
34 14 2
34 17 2
34 19 2
34 20 2
34 22 2
34 27 2
34 33 2
34 34 2
34 35 2
34 38 2
35 0 2
35 3 2
35 6 2
35 8 2
35 12 2
35 14 2
35 27 2
35 33 2
35 35 2
36 11 2
36 14 2
36 19 2
36 22 2
36 27 2
36 32 2
36 34 2
36 38 2
36 41 2
36 44 2
37 11 2
37 27 2
37 44 2
39 0 2
39 5 2
39 13 2
39 18 2
39 22 2
39 27 2
39 33 2
40 2 2
40 4 2
40 5 2
40 14 2
40 18 2
40 19 2
40 22 2
40 26 2
40 27 2
40 33 2
40 36 2
40 42 2
41 14 2
41 18 2
41 19 2
41 27 2
42 5 2
42 8 2
42 15 2
42 17 2
42 21 2
42 33 2
42 36 2
42 39 2
42 40 2
43 17 2
44 17 2
44 27 2
45 0 2
45 3 2
45 4 2
45 7 2
45 8 2
45 12 2
45 14 2
45 16 2
45 17 2
45 19 2
45 20 2
45 25 2
45 27 2
45 35 2
45 39 2
45 41 2
45 42 2
46 1 2
46 4 2
46 17 2
46 19 2
46 27 2
46 34 2
46 38 2
46 41 2
46 42 2
46 45 2
47 15 2
47 16 2
47 17 2
47 21 2
47 42 2
48 3 2
48 13 2
48 14 2
48 19 2
48 21 2
48 25 2
48 27 2
48 31 2
48 37 2
48 39 2
48 41 2
48 45 2
49 12 2
49 14 2
49 21 2
49 27 2
49 36 2
49 39 2
50 1 2
50 21 2
50 27 2
50 39 2
51 0 2
51 3 2
51 12 2
51 17 2
51 23 2
51 32 2
51 39 2
51 40 2
52 0 2
52 12 2
52 17 2
52 30 2
53 27 2
54 2 2
54 4 2
54 8 2
54 42 2
56 35 2
56 41 2
56 42 2
56 46 2
58 41 2
59 5 2
59 23 2
60 20 2
67 17 2
67 19 2
67 23 2
68 28 2
71 28 2
74 7 2
74 16 2
74 19 2
76 1 2
76 21 2
76 28 2
77 21 2
77 25 2
82 13 2
82 14 2
82 18 2
82 20 2
83 23 2
0 16 4
0 20 4
0 35 4
0 37 4
0 54 4
0 57 4
1 0 4
1 1 4
1 6 4
1 8 4
1 10 4
1 14 4
1 17 4
1 19 4
2 1 4
2 7 4
2 14 4
2 20 4
2 28 4
2 29 4
3 2 4
3 8 4
3 15 4
3 18 4
3 22 4
3 40 4
3 42 4
3 43 4
3 52 4
3 56 4
4 0 4
4 2 4
4 10 4
4 12 4
4 13 4
4 17 4
4 23 4
5 1 4
5 2 4
5 6 4
5 11 4
5 19 4
5 34 4
5 37 4
5 39 4
5 40 4
6 1 4
6 7 4
6 9 4
6 10 4
6 12 4
6 15 4
6 42 4
6 55 4
7 42 4
9 22 4
9 46 4
10 13 4
10 14 4
10 44 4
10 48 4
12 44 4
14 27 4
14 39 4
15 12 4
18 8 4
19 0 4
19 16 4
19 19 4
19 23 4
21 1 4
21 4 4
21 8 4
21 12 4
21 25 4
21 26 4
21 32 4
21 51 4
21 52 4
21 55 4
21 56 4
21 60 4
23 0 4
23 12 4
24 5 4
24 20 4
24 55 4
25 12 4
25 38 4
25 54 4
25 60 4
26 0 4
28 5 4
30 52 4
32 42 4
33 5 4
33 13 4
33 20 4
33 27 4
33 33 4
33 35 4
34 2 4
34 8 4
34 27 4
34 35 4
35 0 4
35 3 4
35 6 4
35 8 4
35 14 4
35 27 4
35 33 4
35 46 4
36 8 4
36 14 4
36 44 4
37 10 4
37 11 4
37 14 4
39 5 4
39 18 4
39 27 4
39 33 4
40 4 4
40 5 4
40 13 4
40 14 4
40 18 4
40 27 4
40 36 4
41 14 4
41 18 4
41 27 4
42 15 4
42 16 4
42 17 4
42 18 4
42 21 4
42 33 4
42 39 4
42 41 4
43 17 4
44 3 4
44 17 4
44 24 4
44 27 4
44 31 4
44 32 4
44 34 4
44 45 4
45 0 4
45 1 4
45 12 4
45 15 4
45 17 4
45 18 4
45 19 4
45 25 4
45 35 4
45 41 4
45 42 4
46 1 4
46 17 4
46 25 4
46 27 4
46 34 4
46 38 4
46 41 4
46 42 4
47 2 4
47 9 4
47 15 4
47 17 4
47 32 4
47 46 4
48 3 4
48 12 4
48 14 4
48 15 4
48 19 4
48 24 4
48 36 4
48 37 4
48 39 4
48 41 4
48 45 4
49 1 4
49 11 4
49 14 4
49 19 4
49 21 4
49 36 4
49 39 4
49 42 4
49 45 4
50 18 4
50 39 4
51 10 4
51 14 4
51 17 4
51 18 4
51 23 4
51 27 4
51 40 4
52 0 4
52 17 4
52 30 4
53 11 4
53 47 4
54 2 4
54 15 4
54 42 4
56 3 4
56 27 4
56 38 4
56 47 4
57 45 4
58 25 4
58 45 4
60 2 4
60 19 4
61 14 4
61 18 4
61 19 4
61 21 4
61 27 4
63 1 4
63 11 4
63 12 4
63 15 4
64 17 4
64 19 4
64 22 4
64 24 4
65 10 4
65 20 4
66 23 4
67 19 4
67 23 4
68 28 4
69 11 4
71 20 4
73 23 4
74 1 4
74 2 4
74 6 4
74 15 4
74 19 4
74 22 4
76 5 4
76 7 4
76 18 4
76 27 4
77 1 4
77 6 4
77 12 4
78 7 4
78 10 4
78 21 4
79 7 4
79 8 4
79 28 4
80 18 4
80 24 4
81 7 4
81 8 4
81 20 4
82 14 4
82 15 4
82 18 4
82 23 4
83 1 4
83 17 4
84 25 4
85 0 4
87 13 4
87 15 4
0 2 6
0 34 6
0 37 6
0 45 6
1 0 6
1 1 6
1 6 6
1 8 6
1 10 6
1 14 6
1 17 6
2 1 6
2 7 6
2 14 6
2 28 6
2 29 6
3 2 6
3 6 6
3 7 6
3 8 6
3 15 6
3 18 6
3 22 6
3 33 6
3 40 6
3 42 6
3 43 6
3 52 6
3 54 6
3 56 6
4 0 6
4 1 6
4 2 6
4 9 6
4 10 6
4 13 6
4 21 6
4 41 6
4 46 6
4 54 6
4 55 6
5 0 6
5 1 6
5 2 6
5 19 6
5 37 6
5 52 6
6 0 6
6 1 6
6 2 6
6 3 6
6 7 6
6 10 6
6 12 6
6 32 6
6 34 6
6 42 6
6 55 6
7 5 6
7 38 6
7 42 6
8 3 6
8 36 6
8 46 6
9 15 6
9 22 6
9 46 6
10 5 6
10 17 6
10 33 6
10 38 6
10 41 6
10 44 6
12 36 6
12 44 6
12 47 6
12 49 6
13 44 6
14 3 6
14 20 6
14 24 6
14 32 6
14 38 6
14 41 6
15 2 6
17 11 6
17 61 6
18 7 6
18 57 6
19 0 6
19 5 6
19 15 6
19 23 6
19 37 6
19 39 6
19 44 6
21 7 6
21 10 6
21 12 6
21 19 6
21 24 6
21 34 6
21 35 6
21 40 6
21 59 6
21 60 6
21 63 6
22 0 6
22 51 6
24 5 6
24 6 6
24 12 6
24 16 6
24 20 6
24 34 6
24 55 6
25 12 6
25 32 6
25 54 6
25 60 6
26 6 6
28 19 6
28 43 6
28 54 6
28 56 6
29 48 6
29 49 6
32 9 6
32 19 6
32 42 6
33 10 6
33 27 6
33 33 6
33 35 6
33 37 6
33 44 6
34 2 6
35 0 6
35 6 6
35 8 6
35 10 6
35 22 6
35 24 6
35 27 6
35 33 6
35 34 6
35 35 6
37 11 6
37 14 6
38 4 6
38 7 6
38 22 6
38 45 6
39 3 6
39 10 6
39 18 6
39 22 6
39 27 6
39 33 6
39 34 6
40 5 6
40 12 6
40 13 6
40 14 6
40 36 6
40 38 6
40 40 6
41 18 6
41 27 6
42 15 6
42 18 6
42 33 6
42 39 6
43 17 6
44 0 6
44 3 6
44 17 6
44 24 6
44 27 6
45 18 6
45 25 6
45 35 6
46 1 6
46 8 6
46 17 6
46 25 6
46 34 6
46 35 6
46 38 6
46 42 6
46 45 6
47 22 6
47 42 6
48 0 6
48 3 6
48 14 6
48 15 6
48 20 6
48 22 6
48 24 6
48 25 6
48 36 6
48 37 6
48 39 6
48 41 6
48 45 6
48 46 6
49 1 6
49 14 6
49 17 6
49 21 6
49 23 6
49 45 6
50 18 6
51 12 6
51 18 6
52 1 6
52 9 6
52 17 6
53 22 6
54 0 6
54 22 6
56 17 6
56 22 6
56 26 6
56 27 6
56 36 6
56 42 6
56 43 6
56 44 6
58 45 6
60 15 6
60 21 6
60 28 6
61 4 6
61 5 6
61 9 6
61 13 6
61 14 6
61 23 6
62 24 6
63 12 6
63 13 6
63 29 6
64 22 6
65 10 6
66 11 6
66 15 6
67 2 6
67 19 6
68 16 6
69 9 6
69 23 6
69 28 6
71 3 6
72 15 6
74 2 6
74 18 6
74 22 6
74 26 6
76 2 6
76 5 6
76 8 6
76 11 6
76 15 6
76 18 6
77 12 6
77 19 6
77 23 6
78 7 6
78 11 6
78 12 6
78 21 6
79 24 6
80 1 6
80 24 6
80 29 6
81 8 6
81 17 6
81 20 6
81 25 6
81 27 6
82 10 6
82 11 6
82 23 6
83 29 6
84 12 6
84 20 6
84 25 6
85 16 6
85 22 6
85 24 6
87 13 6
87 19 6
87 25 6
0 7 8
0 12 8
0 34 8
0 40 8
0 54 8
1 0 8
1 1 8
1 6 8
1 8 8
1 10 8
1 14 8
2 1 8
2 7 8
2 14 8
2 28 8
3 2 8
3 8 8
3 15 8
3 22 8
3 42 8
3 52 8
3 54 8
4 0 8
4 1 8
4 2 8
4 5 8
4 11 8
4 13 8
4 21 8
4 23 8
4 33 8
4 38 8
4 40 8
4 46 8
5 0 8
5 2 8
6 1 8
6 2 8
6 3 8
6 9 8
6 26 8
6 48 8
6 55 8
7 29 8
7 38 8
8 36 8
8 46 8
9 46 8
10 33 8
10 38 8
10 39 8
11 44 8
12 5 8
12 10 8
12 12 8
12 22 8
12 35 8
12 36 8
12 49 8
14 3 8
14 7 8
14 14 8
14 20 8
14 24 8
14 32 8
14 35 8
14 38 8
14 43 8
16 32 8
16 47 8
17 4 8
17 40 8
17 43 8
17 48 8
17 55 8
18 7 8
18 16 8
18 43 8
18 57 8
19 0 8
19 3 8
19 7 8
19 15 8
19 23 8
19 40 8
21 7 8
21 9 8
21 12 8
21 15 8
21 24 8
21 35 8
21 40 8
21 47 8
21 49 8
21 63 8
22 0 8
23 0 8
23 27 8
23 40 8
23 44 8
24 6 8
24 10 8
24 12 8
24 19 8
25 8 8
25 20 8
25 25 8
25 32 8
25 53 8
25 60 8
27 30 8
28 49 8
28 56 8
29 49 8
29 50 8
29 55 8
29 71 8
30 0 8
32 19 8
32 57 8
33 3 8
33 10 8
33 18 8
33 19 8
33 27 8
33 35 8
34 45 8
35 0 8
35 1 8
35 6 8
35 8 8
35 22 8
35 27 8
35 34 8
35 35 8
36 4 8
37 11 8
37 14 8
37 19 8
37 24 8
37 27 8
37 35 8
37 44 8
38 28 8
38 47 8
39 1 8
39 3 8
39 10 8
39 11 8
39 12 8
39 18 8
39 19 8
39 23 8
39 33 8
39 39 8
40 0 8
40 5 8
40 7 8
40 12 8
40 14 8
40 36 8
40 38 8
40 40 8
41 18 8
42 23 8
42 33 8
42 39 8
42 41 8
43 15 8
44 3 8
44 17 8
44 24 8
44 25 8
44 27 8
44 42 8
45 35 8
46 0 8
46 1 8
46 3 8
46 8 8
46 12 8
46 17 8
46 25 8
46 32 8
46 35 8
46 36 8
46 38 8
46 39 8
46 42 8
46 45 8
47 18 8
47 32 8
47 42 8
48 15 8
48 19 8
48 20 8
48 39 8
48 41 8
48 45 8
49 1 8
49 15 8
49 17 8
49 45 8
50 18 8
51 18 8
54 13 8
54 19 8
54 22 8
54 31 8
56 2 8
56 6 8
56 9 8
56 27 8
56 29 8
56 32 8
56 34 8
56 36 8
56 42 8
56 43 8
56 44 8
57 3 8
57 29 8
57 31 8
60 5 8
60 9 8
60 18 8
60 28 8
61 0 8
61 2 8
61 11 8
61 14 8
61 20 8
61 23 8
61 24 8
62 16 8
62 21 8
63 12 8
63 15 8
63 16 8
64 24 8
64 27 8
65 9 8
65 10 8
66 11 8
66 18 8
66 22 8
67 0 8
67 26 8
67 27 8
69 9 8
69 23 8
71 22 8
72 14 8
72 21 8
72 25 8
73 11 8
74 25 8
75 16 8
76 2 8
76 11 8
76 15 8
76 23 8
77 2 8
77 12 8
77 16 8
77 17 8
77 18 8
77 19 8
77 23 8
78 12 8
78 14 8
79 3 8
80 2 8
80 12 8
80 16 8
80 17 8
80 24 8
80 28 8
81 0 8
81 1 8
81 5 8
81 7 8
81 8 8
81 16 8
81 17 8
81 20 8
81 25 8
81 27 8
82 11 8
82 16 8
83 27 8
83 28 8
83 29 8
84 20 8
85 2 8
85 10 8
85 14 8
85 16 8
87 9 8
87 19 8
87 25 8
0 7 10
0 8 10
0 12 10
0 17 10
0 34 10
0 37 10
0 40 10
0 52 10
0 54 10
1 0 10
1 1 10
1 6 10
1 8 10
1 15 10
2 0 10
2 1 10
2 7 10
2 14 10
2 28 10
3 2 10
3 3 10
3 8 10
3 15 10
3 22 10
3 34 10
3 40 10
3 45 10
3 52 10
4 5 10
4 9 10
4 11 10
4 13 10
4 21 10
4 22 10
4 25 10
4 33 10
4 40 10
4 54 10
5 2 10
5 15 10
5 21 10
5 27 10
5 46 10
5 50 10
6 1 10
6 2 10
6 9 10
6 18 10
6 21 10
6 26 10
6 37 10
6 55 10
7 10 10
7 29 10
7 35 10
7 36 10
7 38 10
7 41 10
8 46 10
9 7 10
9 17 10
9 24 10
9 46 10
10 14 10
10 18 10
10 23 10
10 27 10
10 35 10
10 36 10
10 43 10
11 14 10
12 5 10
12 41 10
12 46 10
14 4 10
14 5 10
14 10 10
14 11 10
14 17 10
14 22 10
14 24 10
14 35 10
14 38 10
14 43 10
15 37 10
15 44 10
16 12 10
16 27 10
17 59 10
19 34 10
21 11 10
21 12 10
21 16 10
21 19 10
21 24 10
21 35 10
21 39 10
21 40 10
21 46 10
21 51 10
21 54 10
21 62 10
22 28 10
23 0 10
23 44 10
24 12 10
24 19 10
24 78 10
25 11 10
25 25 10
25 50 10
25 53 10
27 21 10
27 26 10
27 61 10
28 17 10
28 35 10
28 49 10
28 55 10
28 60 10
29 10 10
29 47 10
29 50 10
29 64 10
29 67 10
29 71 10
29 78 10
30 0 10
31 16 10
32 11 10
32 12 10
33 10 10
33 18 10
33 19 10
33 22 10
33 27 10
33 47 10
34 36 10
35 0 10
35 1 10
35 3 10
35 6 10
35 8 10
35 22 10
35 26 10
35 27 10
35 33 10
35 34 10
35 35 10
37 8 10
37 11 10
37 14 10
37 19 10
37 24 10
37 27 10
37 44 10
38 6 10
38 16 10
38 17 10
38 27 10
38 47 10
39 1 10
39 5 10
39 11 10
39 12 10
39 17 10
39 18 10
39 19 10
39 23 10
39 33 10
39 41 10
40 0 10
40 5 10
40 12 10
40 18 10
40 27 10
40 36 10
40 38 10
40 40 10
40 44 10
42 16 10
42 23 10
42 33 10
42 39 10
42 41 10
43 24 10
44 3 10
44 17 10
45 35 10
46 0 10
46 3 10
46 8 10
46 12 10
46 17 10
46 20 10
46 25 10
46 32 10
46 34 10
46 37 10
46 38 10
46 39 10
46 42 10
47 11 10
47 18 10
47 41 10
47 42 10
48 1 10
48 9 10
48 15 10
48 20 10
48 33 10
48 36 10
48 41 10
48 45 10
49 6 10
49 15 10
50 18 10
50 35 10
50 38 10
54 11 10
54 19 10
54 32 10
54 44 10
55 11 10
55 43 10
56 2 10
56 7 10
56 15 10
56 19 10
56 42 10
57 29 10
58 11 10
60 6 10
60 18 10
61 0 10
61 1 10
61 2 10
61 20 10
61 21 10
61 23 10
62 13 10
62 21 10
62 24 10
63 3 10
63 14 10
63 15 10
64 24 10
66 9 10
66 22 10
66 28 10
67 15 10
67 27 10
67 29 10
68 18 10
69 9 10
69 18 10
69 23 10
71 3 10
71 20 10
71 22 10
72 14 10
73 14 10
73 24 10
74 0 10
74 28 10
76 0 10
76 20 10
76 23 10
76 26 10
76 29 10
77 2 10
77 10 10
77 15 10
77 16 10
77 18 10
77 23 10
77 24 10
80 4 10
80 7 10
80 13 10
80 16 10
80 25 10
81 0 10
81 1 10
81 7 10
81 8 10
81 10 10
81 13 10
81 20 10
81 27 10
82 0 10
82 11 10
82 18 10
82 19 10
82 21 10
82 29 10
84 20 10
85 14 10
85 16 10
87 9 10
87 23 10
87 25 10
0 2 12
0 3 12
0 8 12
0 12 12
0 17 12
0 20 12
0 25 12
0 37 12
0 40 12
0 51 12
0 52 12
0 54 12
1 0 12
1 1 12
1 8 12
1 13 12
1 15 12
2 1 12
2 7 12
2 13 12
2 27 12
3 2 12
3 3 12
3 5 12
3 8 12
3 15 12
3 40 12
3 52 12
4 5 12
4 9 12
4 11 12
4 23 12
4 25 12
4 32 12
4 33 12
4 40 12
4 54 12
5 2 12
5 5 12
5 7 12
5 24 12
5 27 12
5 50 12
5 56 12
6 1 12
6 2 12
6 9 12
6 12 12
6 13 12
6 18 12
6 21 12
6 23 12
6 26 12
6 37 12
6 38 12
6 42 12
6 46 12
7 5 12
7 10 12
7 38 12
7 41 12
7 46 12
8 40 12
8 46 12
9 5 12
9 17 12
9 22 12
9 26 12
10 9 12
10 11 12
10 19 12
10 24 12
10 25 12
10 46 12
10 48 12
11 10 12
12 20 12
12 41 12
12 46 12
13 44 12
14 0 12
14 5 12
14 10 12
14 13 12
14 17 12
14 35 12
14 37 12
14 38 12
14 43 12
15 10 12
15 29 12
15 36 12
15 37 12
16 27 12
16 32 12
16 38 12
17 11 12
17 17 12
17 23 12
17 59 12
18 16 12
19 11 12
21 11 12
21 12 12
21 19 12
21 23 12
21 24 12
21 39 12
21 40 12
21 43 12
21 51 12
21 54 12
21 59 12
21 60 12
21 62 12
22 12 12
22 31 12
23 11 12
23 17 12
23 29 12
23 32 12
23 39 12
23 44 12
24 11 12
24 19 12
24 63 12
24 78 12
25 1 12
25 9 12
25 15 12
25 16 12
25 17 12
25 30 12
25 36 12
25 45 12
25 50 12
25 57 12
25 60 12
25 61 12
26 19 12
27 8 12
27 27 12
27 28 12
27 29 12
27 41 12
27 45 12
27 46 12
27 48 12
27 53 12
27 55 12
27 56 12
27 58 12
28 11 12
28 43 12
28 60 12
29 48 12
29 65 12
29 68 12
29 71 12
29 79 12
30 16 12
30 37 12
31 16 12
33 10 12
33 18 12
33 22 12
34 26 12
34 36 12
34 40 12
35 0 12
35 6 12
35 8 12
35 33 12
35 35 12
36 11 12
36 33 12
36 47 12
37 8 12
37 11 12
37 14 12
37 19 12
37 27 12
37 44 12
38 2 12
38 33 12
39 5 12
39 11 12
39 12 12
39 17 12
39 18 12
39 19 12
39 28 12
39 33 12
40 0 12
40 5 12
40 14 12
40 28 12
40 36 12
40 38 12
40 40 12
42 33 12
42 41 12
43 0 12
43 11 12
43 24 12
44 3 12
44 15 12
44 17 12
44 38 12
45 2 12
45 20 12
45 33 12
45 35 12
46 0 12
46 1 12
46 3 12
46 8 12
46 12 12
46 17 12
46 20 12
46 25 12
46 32 12
46 34 12
46 37 12
46 38 12
46 41 12
46 42 12
46 45 12
47 4 12
47 11 12
47 23 12
47 24 12
47 34 12
47 41 12
47 43 12
48 2 12
48 13 12
48 14 12
48 15 12
48 16 12
48 19 12
48 20 12
48 23 12
48 35 12
48 36 12
48 39 12
48 41 12
48 44 12
49 3 12
49 6 12
49 15 12
49 18 12
52 11 12
52 15 12
53 6 12
53 31 12
53 47 12
54 16 12
54 19 12
54 32 12
54 44 12
54 45 12
56 15 12
56 16 12
56 23 12
56 24 12
56 34 12
56 38 12
56 42 12
57 18 12
60 6 12
60 11 12
61 6 12
61 7 12
61 9 12
61 28 12
63 3 12
63 14 12
63 15 12
64 2 12
64 5 12
64 10 12
64 14 12
64 18 12
64 28 12
66 9 12
66 28 12
67 4 12
67 13 12
67 21 12
69 4 12
69 5 12
69 9 12
69 21 12
70 2 12
72 1 12
72 5 12
72 6 12
73 7 12
73 22 12
74 7 12
74 16 12
75 0 12
75 9 12
75 16 12
75 28 12
76 0 12
76 19 12
76 25 12
76 26 12
77 6 12
77 14 12
77 15 12
77 16 12
77 22 12
77 26 12
79 15 12
80 4 12
80 13 12
80 16 12
80 19 12
81 4 12
81 13 12
81 21 12
81 27 12
82 0 12
82 5 12
82 8 12
82 12 12
82 21 12
82 22 12
83 3 12
83 5 12
83 19 12
83 21 12
83 24 12
83 26 12
84 9 12
84 11 12
84 14 12
84 29 12
87 2 12
87 9 12
87 10 12
87 15 12
87 20 12
87 22 12
0 1 14
0 3 14
0 8 14
0 12 14
0 15 14
0 17 14
0 21 14
0 24 14
0 25 14
0 37 14
0 38 14
0 51 14
1 0 14
1 1 14
1 6 14
1 13 14
1 15 14
2 7 14
2 13 14
2 27 14
3 2 14
3 3 14
3 8 14
3 15 14
3 16 14
3 32 14
3 48 14
4 11 14
4 23 14
4 32 14
4 33 14
4 40 14
4 54 14
5 2 14
5 5 14
5 7 14
5 13 14
5 20 14
5 26 14
5 28 14
5 34 14
5 37 14
5 40 14
5 50 14
5 54 14
5 57 14
6 1 14
6 5 14
6 15 14
6 23 14
6 25 14
6 35 14
6 37 14
6 40 14
6 46 14
6 57 14
8 5 14
8 40 14
8 46 14
9 17 14
10 9 14
10 19 14
10 21 14
10 24 14
10 33 14
10 43 14
10 48 14
11 46 14
12 7 14
12 20 14
12 23 14
12 27 14
12 29 14
12 39 14
12 46 14
14 0 14
14 13 14
14 14 14
14 15 14
14 22 14
15 10 14
15 37 14
15 43 14
15 47 14
16 40 14
17 23 14
17 44 14
18 13 14
18 16 14
18 21 14
20 37 14
21 5 14
21 8 14
21 12 14
21 19 14
21 24 14
21 40 14
21 43 14
21 46 14
21 51 14
21 54 14
21 59 14
21 60 14
22 6 14
22 11 14
22 21 14
23 11 14
23 19 14
23 39 14
24 11 14
24 67 14
25 0 14
25 1 14
25 9 14
25 17 14
25 18 14
25 20 14
25 26 14
25 45 14
25 48 14
25 51 14
25 55 14
25 56 14
25 61 14
26 0 14
26 19 14
27 7 14
27 12 14
27 18 14
27 19 14
27 20 14
27 29 14
27 41 14
27 48 14
27 51 14
27 52 14
28 11 14
28 12 14
28 25 14
28 40 14
28 43 14
28 47 14
28 59 14
28 60 14
28 62 14
28 67 14
29 65 14
29 72 14
30 0 14
30 11 14
32 17 14
33 0 14
33 1 14
33 8 14
33 10 14
33 18 14
33 22 14
34 3 14
34 12 14
34 13 14
34 20 14
34 22 14
34 26 14
34 38 14
34 40 14
34 47 14
35 6 14
35 8 14
35 33 14
35 35 14
35 36 14
37 11 14
37 14 14
37 19 14
37 27 14
37 44 14
38 12 14
38 19 14
38 25 14
38 45 14
39 11 14
39 18 14
39 21 14
39 33 14
40 0 14
40 5 14
40 13 14
40 14 14
40 18 14
40 28 14
40 36 14
40 40 14
42 25 14
42 33 14
42 38 14
42 41 14
43 0 14
43 24 14
44 3 14
44 17 14
44 38 14
45 8 14
45 11 14
45 20 14
45 25 14
45 33 14
45 35 14
46 1 14
46 8 14
46 12 14
46 15 14
46 17 14
46 25 14
46 34 14
46 41 14
46 42 14
47 4 14
47 41 14
47 43 14
48 8 14
48 14 14
48 15 14
48 18 14
48 19 14
48 36 14
48 41 14
48 44 14
48 45 14
48 47 14
49 3 14
49 15 14
49 18 14
52 15 14
53 29 14
53 45 14
54 3 14
54 16 14
54 36 14
54 45 14
56 9 14
56 17 14
56 23 14
56 24 14
56 29 14
56 42 14
56 46 14
57 18 14
60 3 14
60 25 14
60 26 14
60 28 14
61 2 14
61 7 14
61 24 14
61 28 14
62 16 14
63 6 14
63 10 14
63 14 14
63 15 14
63 21 14
64 10 14
64 14 14
64 16 14
64 19 14
64 20 14
64 21 14
64 25 14
64 28 14
65 4 14
66 4 14
66 9 14
67 15 14
68 29 14
69 0 14
69 1 14
70 3 14
70 18 14
71 16 14
72 1 14
72 5 14
72 10 14
72 12 14
72 17 14
72 22 14
72 29 14
73 17 14
73 20 14
75 0 14
75 9 14
75 16 14
75 29 14
76 0 14
76 7 14
76 19 14
76 27 14
76 29 14
77 3 14
77 8 14
77 14 14
77 15 14
77 16 14
77 20 14
77 22 14
77 25 14
77 28 14
78 5 14
79 2 14
79 13 14
79 15 14
79 21 14
79 25 14
80 17 14
80 29 14
81 2 14
81 4 14
81 9 14
81 12 14
81 21 14
81 22 14
82 0 14
82 5 14
82 6 14
82 8 14
82 10 14
82 12 14
82 20 14
82 21 14
82 22 14
83 5 14
83 19 14
83 21 14
83 24 14
83 26 14
84 2 14
84 9 14
84 11 14
84 14 14
84 24 14
84 29 14
87 2 14
87 8 14
87 21 14
87 22 14
0 1 16
0 2 16
0 3 16
0 11 16
0 15 16
0 17 16
0 24 16
0 25 16
0 32 16
0 37 16
0 38 16
0 41 16
0 42 16
0 51 16
1 0 16
1 1 16
1 6 16
1 13 16
1 19 16
2 5 16
2 7 16
2 27 16
3 2 16
3 3 16
3 5 16
3 8 16
3 10 16
3 32 16
3 56 16
3 57 16
4 11 16
4 23 16
4 38 16
5 0 16
5 7 16
5 15 16
5 17 16
5 20 16
5 23 16
5 26 16
5 28 16
5 34 16
5 37 16
5 40 16
5 54 16
6 2 16
6 5 16
6 9 16
6 15 16
6 16 16
6 25 16
6 35 16
6 37 16
6 54 16
6 57 16
8 5 16
8 40 16
8 46 16
9 8 16
9 10 16
9 16 16
9 43 16
10 7 16
10 8 16
10 10 16
10 21 16
10 44 16
11 9 16
11 18 16
11 46 16
12 42 16
12 46 16
14 8 16
14 10 16
14 18 16
14 19 16
14 22 16
14 47 16
15 37 16
16 19 16
16 39 16
16 40 16
17 7 16
17 31 16
17 36 16
18 21 16
18 56 16
19 36 16
20 0 16
21 10 16
21 12 16
21 19 16
21 31 16
21 40 16
21 43 16
21 49 16
21 51 16
21 52 16
21 54 16
21 60 16
21 61 16
22 11 16
22 19 16
23 11 16
23 16 16
23 19 16
23 41 16
24 19 16
24 61 16
25 0 16
25 1 16
25 18 16
25 20 16
25 40 16
25 42 16
25 48 16
25 51 16
25 52 16
25 55 16
25 56 16
25 57 16
25 61 16
26 11 16
26 16 16
26 19 16
26 30 16
26 35 16
27 1 16
27 8 16
27 12 16
27 17 16
27 19 16
27 25 16
27 29 16
27 32 16
27 41 16
27 52 16
27 58 16
27 60 16
28 11 16
28 30 16
28 57 16
28 58 16
28 59 16
28 60 16
29 11 16
30 0 16
30 11 16
32 0 16
33 18 16
33 24 16
34 1 16
34 3 16
34 12 16
34 13 16
34 22 16
34 24 16
34 26 16
34 32 16
34 35 16
34 36 16
34 38 16
34 39 16
34 40 16
34 47 16
35 6 16
35 33 16
35 35 16
36 26 16
36 36 16
37 11 16
37 12 16
37 14 16
38 19 16
38 25 16
39 11 16
39 18 16
39 21 16
39 31 16
39 33 16
40 5 16
40 28 16
40 34 16
40 36 16
42 9 16
42 13 16
42 15 16
42 20 16
42 33 16
42 34 16
42 38 16
42 41 16
43 18 16
43 24 16
44 3 16
44 38 16
45 8 16
45 20 16
46 1 16
46 3 16
46 8 16
46 12 16
46 15 16
46 17 16
46 34 16
46 41 16
47 11 16
47 43 16
48 2 16
48 5 16
48 14 16
48 15 16
48 18 16
48 26 16
48 36 16
48 37 16
48 39 16
48 41 16
48 45 16
48 47 16
49 3 16
49 6 16
49 15 16
49 18 16
49 24 16
53 22 16
53 29 16
53 31 16
54 3 16
54 14 16
54 36 16
54 45 16
56 23 16
56 25 16
56 42 16
58 11 16
58 22 16
58 23 16
58 35 16
60 10 16
60 23 16
60 25 16
61 1 16
61 2 16
61 5 16
61 7 16
61 24 16
61 27 16
62 0 16
62 2 16
62 10 16
62 16 16
62 23 16
63 0 16
63 5 16
63 14 16
63 15 16
63 16 16
64 14 16
67 11 16
67 14 16
69 0 16
69 14 16
69 27 16
71 23 16
72 1 16
72 10 16
72 12 16
72 22 16
72 26 16
74 5 16
74 21 16
75 9 16
75 16 16
76 21 16
76 27 16
77 3 16
77 8 16
77 15 16
77 18 16
77 19 16
77 23 16
77 25 16
77 27 16
78 5 16
78 10 16
78 14 16
78 18 16
78 21 16
79 21 16
79 23 16
81 9 16
81 13 16
81 21 16
82 0 16
82 5 16
82 6 16
82 7 16
82 12 16
82 22 16
83 1 16
83 3 16
83 5 16
83 18 16
83 19 16
83 22 16
83 24 16
83 26 16
84 1 16
84 2 16
84 3 16
84 5 16
84 7 16
84 19 16
84 29 16
85 19 16
87 2 16
87 8 16
87 21 16
87 22 16
87 26 16
0 1 18
0 2 18
0 8 18
0 15 18
0 17 18
0 22 18
0 23 18
0 24 18
0 25 18
0 35 18
0 42 18
0 54 18
1 0 18
1 1 18
1 2 18
1 6 18
1 14 18
1 19 18
2 5 18
2 7 18
2 26 18
2 27 18
2 28 18
3 2 18
3 21 18
3 32 18
3 38 18
3 49 18
3 53 18
3 57 18
4 9 18
4 21 18
4 34 18
5 0 18
5 1 18
5 7 18
5 11 18
5 17 18
5 23 18
5 28 18
5 37 18
5 39 18
5 40 18
5 50 18
6 5 18
6 6 18
6 9 18
6 15 18
6 18 18
6 32 18
6 35 18
6 37 18
7 10 18
8 7 18
8 31 18
8 40 18
8 46 18
9 5 18
9 10 18
9 29 18
9 35 18
9 43 18
10 25 18
10 39 18
10 43 18
11 7 18
11 10 18
11 32 18
12 13 18
12 38 18
14 1 18
14 8 18
14 10 18
14 47 18
15 37 18
16 19 18
17 51 18
17 53 18
18 34 18
18 47 18
19 38 18
19 46 18
20 14 18
20 23 18
20 27 18
21 17 18
22 11 18
22 24 18
23 19 18
23 39 18
24 56 18
25 0 18
25 2 18
25 18 18
25 24 18
25 51 18
25 56 18
26 11 18
26 28 18
26 29 18
27 12 18
27 23 18
27 27 18
27 41 18
27 57 18
27 60 18
27 64 18
28 32 18
28 52 18
28 53 18
28 60 18
29 11 18
30 0 18
31 0 18
32 0 18
33 24 18
34 1 18
34 2 18
34 3 18
34 6 18
34 8 18
34 12 18
34 13 18
34 16 18
34 26 18
34 28 18
34 32 18
34 35 18
34 36 18
34 38 18
34 39 18
34 40 18
34 44 18
34 47 18
35 6 18
35 8 18
35 27 18
35 33 18
35 35 18
35 38 18
37 11 18
37 14 18
37 16 18
37 24 18
37 44 18
39 9 18
39 18 18
39 21 18
39 24 18
39 33 18
40 36 18
42 7 18
42 9 18
42 13 18
42 15 18
42 20 18
42 31 18
42 33 18
43 22 18
43 32 18
43 36 18
44 3 18
44 38 18
45 35 18
46 3 18
46 17 18
46 18 18
46 34 18
46 41 18
47 18 18
47 24 18
47 27 18
48 2 18
48 13 18
48 14 18
48 15 18
48 18 18
48 26 18
48 27 18
48 39 18
48 41 18
48 45 18
49 18 18
49 21 18
49 24 18
49 36 18
49 37 18
50 39 18
53 16 18
53 29 18
53 37 18
54 1 18
54 14 18
56 22 18
56 25 18
56 45 18
58 9 18
58 35 18
60 2 18
60 7 18
60 10 18
60 11 18
60 23 18
61 2 18
61 7 18
61 11 18
61 22 18
61 27 18
61 29 18
62 2 18
63 0 18
63 2 18
63 14 18
63 15 18
63 20 18
64 14 18
65 23 18
65 25 18
66 0 18
66 23 18
67 14 18
68 15 18
68 23 18
69 3 18
69 7 18
69 11 18
69 14 18
70 1 18
71 15 18
71 21 18
72 4 18
72 6 18
72 10 18
72 12 18
72 24 18
72 26 18
73 23 18
73 26 18
74 4 18
74 5 18
74 20 18
74 21 18
74 24 18
75 1 18
75 2 18
75 16 18
75 22 18
75 24 18
76 3 18
76 6 18
76 7 18
76 8 18
76 10 18
76 27 18
77 3 18
77 8 18
77 11 18
77 13 18
77 15 18
77 25 18
77 27 18
78 4 18
78 9 18
79 1 18
79 3 18
79 4 18
79 7 18
79 8 18
79 12 18
79 16 18
79 17 18
79 18 18
79 21 18
79 22 18
79 23 18
79 25 18
79 26 18
79 29 18
80 1 18
80 9 18
81 13 18
81 15 18
81 18 18
81 21 18
82 22 18
83 0 18
83 3 18
83 5 18
83 13 18
83 14 18
83 18 18
83 25 18
83 29 18
84 2 18
84 3 18
84 6 18
84 12 18
84 16 18
84 29 18
85 11 18
85 12 18
85 15 18
85 21 18
87 5 18
87 8 18
87 22 18
0 1 20
0 15 20
0 17 20
0 18 20
0 19 20
0 20 20
0 22 20
0 23 20
0 24 20
0 25 20
0 33 20
0 34 20
0 35 20
0 42 20
0 52 20
1 0 20
1 1 20
1 6 20
1 12 20
1 19 20
2 5 20
2 7 20
2 11 20
2 23 20
2 27 20
2 29 20
3 2 20
3 32 20
3 53 20
4 9 20
4 21 20
4 32 20
4 57 20
5 0 20
5 1 20
5 10 20
5 11 20
5 17 20
5 23 20
5 28 20
5 32 20
5 37 20
5 39 20
5 40 20
5 48 20
5 50 20
6 2 20
6 5 20
6 11 20
6 15 20
6 18 20
6 28 20
6 32 20
6 34 20
6 42 20
7 7 20
7 10 20
8 5 20
8 7 20
8 21 20
8 46 20
9 10 20
10 21 20
10 24 20
10 43 20
10 45 20
10 48 20
11 5 20
11 7 20
11 11 20
11 32 20
11 47 20
12 13 20
12 35 20
14 1 20
14 2 20
14 5 20
14 8 20
14 29 20
14 32 20
14 42 20
14 47 20
14 48 20
16 19 20
16 46 20
16 48 20
17 12 20
17 58 20
19 7 20
21 12 20
23 19 20
23 35 20
23 38 20
24 56 20
25 0 20
25 2 20
25 51 20
27 5 20
27 11 20
27 12 20
27 27 20
27 41 20
27 44 20
27 51 20
27 53 20
27 60 20
27 64 20
28 48 20
28 52 20
28 53 20
28 66 20
33 8 20
33 17 20
33 33 20
33 41 20
34 1 20
34 2 20
34 3 20
34 6 20
34 8 20
34 12 20
34 13 20
34 15 20
34 16 20
34 20 20
34 25 20
34 26 20
34 28 20
34 32 20
34 35 20
34 36 20
34 39 20
34 40 20
34 41 20
34 44 20
34 45 20
34 47 20
35 3 20
35 6 20
35 8 20
35 27 20
35 33 20
35 35 20
35 41 20
36 11 20
37 3 20
37 12 20
37 16 20
37 27 20
37 28 20
37 44 20
39 18 20
39 21 20
39 28 20
39 33 20
40 13 20
40 33 20
40 35 20
41 16 20
41 17 20
41 36 20
41 40 20
42 9 20
42 13 20
42 15 20
42 20 20
42 33 20
43 22 20
43 26 20
43 32 20
44 3 20
44 21 20
45 5 20
46 3 20
46 17 20
46 34 20
46 37 20
46 39 20
46 41 20
47 18 20
47 24 20
47 27 20
48 2 20
48 9 20
48 13 20
48 14 20
48 15 20
48 21 20
48 39 20
48 41 20
48 45 20
49 18 20
49 23 20
49 24 20
49 29 20
52 22 20
53 16 20
53 19 20
53 22 20
53 24 20
53 29 20
53 31 20
54 1 20
54 18 20
56 9 20
56 22 20
56 39 20
60 2 20
60 3 20
60 6 20
60 7 20
60 23 20
61 2 20
61 4 20
61 7 20
61 8 20
61 12 20
61 22 20
61 26 20
61 29 20
62 4 20
62 28 20
63 0 20
63 2 20
63 15 20
64 6 20
64 8 20
64 15 20
65 6 20
65 12 20
65 23 20
65 25 20
66 0 20
67 6 20
67 12 20
67 17 20
69 7 20
69 11 20
71 15 20
71 21 20
72 6 20
72 10 20
72 15 20
72 24 20
73 23 20
74 4 20
74 12 20
74 18 20
74 20 20
74 21 20
74 24 20
75 2 20
75 4 20
75 14 20
75 16 20
75 22 20
75 25 20
76 8 20
76 24 20
76 27 20
77 3 20
77 11 20
77 12 20
77 15 20
77 16 20
77 27 20
78 3 20
78 9 20
79 0 20
79 1 20
79 3 20
79 4 20
79 7 20
79 8 20
79 11 20
79 12 20
79 14 20
79 16 20
79 17 20
79 18 20
79 20 20
79 22 20
79 23 20
79 25 20
79 26 20
79 28 20
79 29 20
80 1 20
80 9 20
80 24 20
80 27 20
80 29 20
81 1 20
81 13 20
81 15 20
81 17 20
83 3 20
83 5 20
83 9 20
83 12 20
83 18 20
83 26 20
84 3 20
84 9 20
84 13 20
84 16 20
84 17 20
84 24 20
85 5 20
85 8 20
85 12 20
85 15 20
87 3 20
87 8 20
87 16 20
87 23 20
0 1 22
0 5 22
0 7 22
0 15 22
0 18 22
0 19 22
0 23 22
0 25 22
0 27 22
0 33 22
0 35 22
0 38 22
0 42 22
0 52 22
0 57 22
1 0 22
1 1 22
1 5 22
1 12 22
1 19 22
2 5 22
2 11 22
2 34 22
3 2 22
3 32 22
4 9 22
4 40 22
4 44 22
4 57 22
5 1 22
5 3 22
5 20 22
5 23 22
5 33 22
5 37 22
5 39 22
5 50 22
5 54 22
6 15 22
6 28 22
6 37 22
7 10 22
8 7 22
8 40 22
8 46 22
9 9 22
10 3 22
10 9 22
10 16 22
10 20 22
10 37 22
10 41 22
10 45 22
10 48 22
11 5 22
11 7 22
11 29 22
11 46 22
11 47 22
12 5 22
12 35 22
12 39 22
12 46 22
13 14 22
14 1 22
14 8 22
14 10 22
14 19 22
14 36 22
14 38 22
14 47 22
14 48 22
16 10 22
16 22 22
16 46 22
17 12 22
17 21 22
18 0 22
19 18 22
20 17 22
21 36 22
22 28 22
23 1 22
23 4 22
23 5 22
23 25 22
23 39 22
23 43 22
23 45 22
24 11 22
24 19 22
24 25 22
24 52 22
24 84 22
25 0 22
25 2 22
25 23 22
25 40 22
25 51 22
27 20 22
27 26 22
27 48 22
27 51 22
27 53 22
28 19 22
28 38 22
28 41 22
28 52 22
28 66 22
29 65 22
32 29 22
32 37 22
33 9 22
33 18 22
34 16 22
34 25 22
34 28 22
34 30 22
34 36 22
34 40 22
35 3 22
35 4 22
35 8 22
35 23 22
35 27 22
35 30 22
35 33 22
35 35 22
35 39 22
35 40 22
35 44 22
35 47 22
36 0 22
36 11 22
37 11 22
37 12 22
37 27 22
37 28 22
37 44 22
39 10 22
39 28 22
39 30 22
39 32 22
39 33 22
40 17 22
40 33 22
42 9 22
42 33 22
42 34 22
42 42 22
43 32 22
44 21 22
45 23 22
45 42 22
46 0 22
46 2 22
46 3 22
46 17 22
46 33 22
46 34 22
46 35 22
46 37 22
46 39 22
46 41 22
47 18 22
47 23 22
47 24 22
48 2 22
48 11 22
48 13 22
48 15 22
48 21 22
48 38 22
48 39 22
48 41 22
48 45 22
49 1 22
49 24 22
52 43 22
53 19 22
53 29 22
54 12 22
55 16 22
56 4 22
56 6 22
56 22 22
56 26 22
57 16 22
60 2 22
60 13 22
61 2 22
61 4 22
61 7 22
61 8 22
61 12 22
61 26 22
61 29 22
62 4 22
62 13 22
62 17 22
63 15 22
63 24 22
64 18 22
65 4 22
65 6 22
65 11 22
65 14 22
65 19 22
65 28 22
67 3 22
67 20 22
69 2 22
69 7 22
71 13 22
71 21 22
72 4 22
72 7 22
72 20 22
72 24 22
74 4 22
74 24 22
74 25 22
75 4 22
75 8 22
75 12 22
75 13 22
75 14 22
75 18 22
75 22 22
75 25 22
76 4 22
76 5 22
76 7 22
76 8 22
76 15 22
76 22 22
76 27 22
77 3 22
77 7 22
77 11 22
77 14 22
77 18 22
77 27 22
78 2 22
78 9 22
78 22 22
79 3 22
79 4 22
79 7 22
79 8 22
79 10 22
79 11 22
79 12 22
79 14 22
79 16 22
79 17 22
79 22 22
79 24 22
79 26 22
79 27 22
79 28 22
79 29 22
80 1 22
80 9 22
80 18 22
80 24 22
80 27 22
80 29 22
81 13 22
81 20 22
81 23 22
81 24 22
82 3 22
82 28 22
83 3 22
83 5 22
83 9 22
83 15 22
83 18 22
83 20 22
83 23 22
83 26 22
84 3 22
84 7 22
84 9 22
84 16 22
84 17 22
84 19 22
84 24 22
85 14 22
87 5 22
87 8 22
87 11 22
87 16 22
0 1 24
0 2 24
0 5 24
0 7 24
0 19 24
0 26 24
0 27 24
0 32 24
0 34 24
0 38 24
0 42 24
0 57 24
1 0 24
1 1 24
1 5 24
1 6 24
1 12 24
1 14 24
1 19 24
2 9 24
2 11 24
2 18 24
3 2 24
3 5 24
3 25 24
3 50 24
3 53 24
4 25 24
4 44 24
5 1 24
5 2 24
5 20 24
5 52 24
6 1 24
6 15 24
6 24 24
8 5 24
8 40 24
8 46 24
9 44 24
9 47 24
10 5 24
10 32 24
10 46 24
10 48 24
11 5 24
11 16 24
11 29 24
11 46 24
12 16 24
12 39 24
12 46 24
14 6 24
14 8 24
14 12 24
14 16 24
14 19 24
14 38 24
14 39 24
14 44 24
14 47 24
14 49 24
15 5 24
16 17 24
16 37 24
16 46 24
18 31 24
18 32 24
18 41 24
18 56 24
20 17 24
24 11 24
24 19 24
24 25 24
24 70 24
24 77 24
25 12 24
26 37 24
27 0 24
27 7 24
27 11 24
27 20 24
27 39 24
27 61 24
27 64 24
28 19 24
28 38 24
28 52 24
28 65 24
29 17 24
29 65 24
33 13 24
33 18 24
34 25 24
34 43 24
35 0 24
35 4 24
35 8 24
35 12 24
35 17 24
35 20 24
35 23 24
35 24 24
35 27 24
35 30 24
35 33 24
35 35 24
35 39 24
35 40 24
35 44 24
35 47 24
36 11 24
37 3 24
37 9 24
37 11 24
37 16 24
37 27 24
37 34 24
37 39 24
37 44 24
39 28 24
39 33 24
40 17 24
41 22 24
42 10 24
42 34 24
43 15 24
43 26 24
43 27 24
43 32 24
44 35 24
45 23 24
45 26 24
45 33 24
46 3 24
46 11 24
46 17 24
46 34 24
46 35 24
46 37 24
46 39 24
46 41 24
46 42 24
48 11 24
48 13 24
48 14 24
48 21 24
48 30 24
48 31 24
48 38 24
48 39 24
48 41 24
49 24 24
53 3 24
53 29 24
54 1 24
54 12 24
56 1 24
56 22 24
56 24 24
56 45 24
60 2 24
61 1 24
61 7 24
61 11 24
61 12 24
61 28 24
61 29 24
63 1 24
63 6 24
63 8 24
63 12 24
63 13 24
63 17 24
63 18 24
63 20 24
63 21 24
63 26 24
63 28 24
63 29 24
65 0 24
65 3 24
65 11 24
65 17 24
65 18 24
65 23 24
65 27 24
65 28 24
67 25 24
69 13 24
71 2 24
71 13 24
71 21 24
72 3 24
72 4 24
72 7 24
72 13 24
72 20 24
72 24 24
74 4 24
74 14 24
74 24 24
74 25 24
75 2 24
75 3 24
75 8 24
75 12 24
75 13 24
75 22 24
75 24 24
76 0 24
76 1 24
76 6 24
76 10 24
76 27 24
76 28 24
77 3 24
77 11 24
77 14 24
77 18 24
77 19 24
77 25 24
78 2 24
78 9 24
79 3 24
79 4 24
79 7 24
79 8 24
79 10 24
79 11 24
79 16 24
79 17 24
79 19 24
79 22 24
79 24 24
79 26 24
79 27 24
79 28 24
79 29 24
80 21 24
80 29 24
81 2 24
81 7 24
81 20 24
81 29 24
82 3 24
82 6 24
82 23 24
82 28 24
83 5 24
83 18 24
83 19 24
83 20 24
84 3 24
84 7 24
84 9 24
84 11 24
84 13 24
84 19 24
84 20 24
84 24 24
84 25 24
84 29 24
85 19 24
86 18 24
87 5 24
87 16 24
0 1 26
0 2 26
0 5 26
0 19 26
0 26 26
0 28 26
0 32 26
0 45 26
1 0 26
1 1 26
1 5 26
1 6 26
1 12 26
1 14 26
1 17 26
1 19 26
2 0 26
2 4 26
2 11 26
2 18 26
2 20 26
2 26 26
2 37 26
3 2 26
3 5 26
3 13 26
3 25 26
3 39 26
3 43 26
3 50 26
3 53 26
3 57 26
4 25 26
4 50 26
5 1 26
5 2 26
5 20 26
5 25 26
6 1 26
6 6 26
6 22 26
6 24 26
6 28 26
6 34 26
8 40 26
8 46 26
9 15 26
9 16 26
9 23 26
9 24 26
9 44 26
9 47 26
10 16 26
10 22 26
10 32 26
10 38 26
10 46 26
11 5 26
11 8 26
11 39 26
11 44 26
12 39 26
14 6 26
14 7 26
14 8 26
14 11 26
14 18 26
14 19 26
14 27 26
14 37 26
14 49 26
15 5 26
15 42 26
16 2 26
16 37 26
16 40 26
16 46 26
18 28 26
18 29 26
18 45 26
20 17 26
21 17 26
24 17 26
24 20 26
24 51 26
24 53 26
24 70 26
24 77 26
25 11 26
25 29 26
25 31 26
25 33 26
26 0 26
27 0 26
27 19 26
27 20 26
27 27 26
27 34 26
27 37 26
27 39 26
27 44 26
27 47 26
27 53 26
27 55 26
27 58 26
27 59 26
27 60 26
27 61 26
28 19 26
28 28 26
28 41 26
28 59 26
28 64 26
28 65 26
29 17 26
29 40 26
29 64 26
31 37 26
32 26 26
32 27 26
32 43 26
32 56 26
33 8 26
33 18 26
34 25 26
34 43 26
35 4 26
35 7 26
35 8 26
35 13 26
35 17 26
35 20 26
35 23 26
35 24 26
35 27 26
35 28 26
35 35 26
35 39 26
35 40 26
35 43 26
35 44 26
35 46 26
36 11 26
36 13 26
37 3 26
37 11 26
37 12 26
37 16 26
37 24 26
37 33 26
37 36 26
37 39 26
37 44 26
38 27 26
39 28 26
39 33 26
41 45 26
42 34 26
43 26 26
43 32 26
43 37 26
43 39 26
44 11 26
44 21 26
44 35 26
44 37 26
45 4 26
45 26 26
45 38 26
46 1 26
46 3 26
46 5 26
46 26 26
46 27 26
46 34 26
46 37 26
46 39 26
46 41 26
48 9 26
48 11 26
48 13 26
48 14 26
48 21 26
48 30 26
48 38 26
48 39 26
48 41 26
50 13 26
53 1 26
53 3 26
53 6 26
53 15 26
53 16 26
53 19 26
53 29 26
53 37 26
54 1 26
54 19 26
56 1 26
56 20 26
56 22 26
57 42 26
58 16 26
60 1 26
60 2 26
61 1 26
61 7 26
61 11 26
61 12 26
61 19 26
61 21 26
62 8 26
62 18 26
63 1 26
63 7 26
63 8 26
63 17 26
63 19 26
63 21 26
63 23 26
63 26 26
63 28 26
63 29 26
64 7 26
64 24 26
65 9 26
65 17 26
66 1 26
66 20 26
66 25 26
67 0 26
67 9 26
69 9 26
69 13 26
69 19 26
69 22 26
69 23 26
69 28 26
70 18 26
71 9 26
71 13 26
71 21 26
72 3 26
72 20 26
74 14 26
74 16 26
74 19 26
74 20 26
74 24 26
74 28 26
75 2 26
75 3 26
75 4 26
75 22 26
76 1 26
76 5 26
76 8 26
76 15 26
76 19 26
76 27 26
77 6 26
77 11 26
77 17 26
77 24 26
78 9 26
79 2 26
79 3 26
79 4 26
79 7 26
79 8 26
79 10 26
79 11 26
79 13 26
79 16 26
79 17 26
79 18 26
79 19 26
79 22 26
79 24 26
79 26 26
79 27 26
79 28 26
80 3 26
80 5 26
80 11 26
80 12 26
80 21 26
80 26 26
80 29 26
81 1 26
81 14 26
81 19 26
81 20 26
81 26 26
81 29 26
82 0 26
82 15 26
82 25 26
82 28 26
83 5 26
83 14 26
83 17 26
83 18 26
83 26 26
84 3 26
84 5 26
84 6 26
84 9 26
84 11 26
84 20 26
84 29 26
85 0 26
85 12 26
86 29 26
87 5 26
87 16 26
