4 14 0
5 48 0
8 3 0
9 46 0
10 11 0
10 14 0
10 21 0
10 22 0
12 16 0
12 26 0
12 31 0
14 7 0
14 11 0
14 16 0
14 35 0
18 8 0
19 0 0
21 62 0
24 0 0
25 55 0
26 0 0
29 78 0
30 0 0
30 36 0
34 9 0
34 24 0
34 39 0
36 3 0
36 15 0
36 32 0
36 35 0
37 22 0
39 3 0
39 15 0
39 24 0
39 34 0
40 6 0
40 10 0
40 22 0
40 34 0
41 4 0
41 5 0
41 12 0
41 13 0
41 15 0
41 21 0
41 39 0
43 1 0
43 2 0
43 25 0
43 40 0
44 10 0
45 2 0
45 31 0
45 34 0
46 32 0
47 16 0
49 9 0
50 14 0
50 41 0
51 1 0
51 9 0
51 31 0
51 35 0
52 8 0
52 33 0
52 42 0
52 45 0
52 47 0
53 14 0
53 18 0
53 33 0
53 45 0
54 27 0
54 38 0
55 17 0
55 25 0
55 47 0
56 3 0
57 9 0
57 14 0
58 5 0
58 9 0
58 14 0
58 45 0
58 46 0
58 47 0
59 3 0
59 42 0
59 45 0
59 46 0
61 11 0
61 13 0
67 22 0
71 14 0
72 17 0
77 12 0
77 19 0
81 10 0
81 25 0
82 7 0
82 18 0
82 29 0
87 15 0
4 11 2
4 26 2
6 33 2
6 46 2
7 11 2
7 42 2
7 46 2
8 0 2
8 21 2
9 19 2
10 5 2
10 6 2
10 16 2
10 22 2
10 27 2
10 41 2
10 45 2
11 14 2
12 7 2
12 17 2
12 21 2
12 25 2
12 27 2
12 29 2
12 43 2
12 46 2
12 49 2
13 14 2
13 44 2
14 6 2
14 7 2
14 12 2
14 13 2
14 19 2
14 25 2
14 32 2
15 10 2
15 11 2
15 14 2
15 29 2
16 4 2
16 11 2
16 26 2
16 29 2
17 8 2
17 23 2
18 7 2
18 33 2
19 1 2
19 3 2
19 8 2
19 10 2
19 26 2
19 46 2
20 5 2
20 8 2
20 9 2
20 18 2
21 16 2
21 40 2
21 43 2
22 0 2
22 50 2
23 0 2
23 42 2
23 43 2
25 19 2
26 37 2
28 46 2
28 50 2
28 72 2
29 10 2
29 63 2
29 78 2
30 11 2
30 36 2
30 62 2
30 63 2
30 65 2
32 9 2
32 15 2
32 22 2
32 47 2
32 48 2
33 14 2
33 28 2
34 1 2
34 2 2
34 13 2
34 37 2
34 45 2
35 13 2
35 20 2
35 21 2
35 32 2
36 39 2
37 36 2
37 41 2
38 2 2
38 9 2
38 14 2
38 19 2
38 27 2
38 34 2
38 36 2
39 46 2
41 6 2
41 10 2
41 15 2
41 17 2
41 33 2
41 37 2
41 38 2
41 39 2
41 42 2
42 7 2
43 1 2
43 12 2
44 25 2
45 33 2
46 11 2
46 33 2
47 2 2
47 26 2
49 33 2
51 1 2
51 35 2
51 37 2
51 38 2
51 42 2
52 38 2
52 46 2
53 3 2
53 5 2
53 22 2
53 30 2
53 31 2
53 38 2
53 46 2
54 10 2
54 17 2
54 18 2
54 22 2
54 34 2
55 3 2
55 11 2
55 22 2
55 42 2
56 1 2
56 3 2
56 5 2
56 10 2
56 23 2
56 25 2
56 45 2
57 17 2
57 23 2
57 25 2
57 27 2
57 38 2
57 47 2
58 2 2
58 17 2
58 23 2
58 25 2
59 0 2
59 10 2
59 25 2
59 33 2
60 3 2
60 10 2
61 0 2
61 9 2
61 13 2
61 17 2
61 21 2
64 0 2
64 5 2
64 22 2
64 29 2
65 9 2
65 11 2
65 14 2
66 13 2
66 15 2
66 18 2
67 0 2
67 22 2
67 27 2
67 29 2
68 0 2
68 17 2
69 1 2
70 1 2
70 9 2
71 0 2
72 15 2
72 16 2
72 19 2
72 25 2
72 28 2
73 13 2
73 17 2
73 26 2
74 0 2
74 14 2
74 23 2
74 29 2
76 3 2
76 15 2
76 18 2
76 29 2
77 10 2
77 12 2
77 18 2
77 29 2
79 1 2
79 2 2
79 12 2
79 16 2
80 16 2
80 17 2
80 18 2
80 24 2
80 29 2
81 3 2
81 11 2
81 18 2
81 25 2
81 28 2
82 10 2
82 12 2
82 21 2
84 7 2
84 15 2
84 16 2
84 24 2
85 23 2
85 28 2
86 1 2
86 13 2
86 16 2
86 20 2
86 27 2
87 2 2
87 15 2
87 29 2
0 6 4
2 33 4
4 14 4
4 36 4
4 52 4
5 17 4
6 53 4
6 54 4
8 5 4
8 19 4
8 37 4
8 41 4
8 46 4
9 14 4
9 15 4
9 19 4
9 42 4
10 3 4
10 29 4
10 40 4
10 42 4
10 45 4
11 14 4
11 16 4
11 19 4
11 45 4
11 47 4
12 5 4
12 12 4
12 16 4
12 21 4
12 36 4
12 37 4
12 41 4
12 43 4
12 45 4
12 46 4
12 47 4
12 49 4
13 5 4
13 41 4
14 12 4
14 13 4
14 24 4
14 35 4
15 2 4
15 14 4
15 21 4
15 22 4
15 32 4
15 41 4
16 4 4
16 11 4
16 19 4
16 22 4
16 26 4
16 34 4
17 0 4
17 7 4
17 23 4
18 0 4
18 28 4
18 37 4
18 47 4
19 3 4
20 9 4
20 21 4
20 41 4
20 45 4
20 48 4
21 11 4
21 63 4
22 27 4
23 21 4
23 27 4
23 45 4
24 1 4
24 9 4
24 11 4
24 27 4
24 37 4
24 51 4
24 68 4
25 23 4
25 52 4
26 19 4
26 37 4
26 42 4
28 0 4
28 9 4
28 25 4
28 33 4
28 47 4
28 59 4
29 11 4
29 30 4
29 50 4
30 49 4
31 11 4
32 10 4
32 23 4
32 57 4
33 0 4
33 8 4
33 9 4
33 41 4
34 0 4
34 3 4
34 6 4
34 12 4
34 32 4
34 46 4
35 7 4
35 39 4
36 5 4
36 37 4
36 39 4
36 41 4
37 36 4
38 1 4
38 9 4
38 14 4
38 20 4
38 21 4
38 31 4
38 32 4
38 38 4
39 0 4
39 12 4
39 14 4
39 17 4
39 32 4
39 34 4
39 41 4
40 0 4
40 9 4
40 19 4
40 26 4
41 2 4
41 11 4
41 36 4
41 41 4
42 7 4
42 19 4
43 1 4
43 2 4
43 5 4
43 9 4
43 10 4
43 11 4
43 12 4
43 13 4
43 18 4
43 19 4
43 21 4
43 22 4
43 23 4
43 37 4
43 40 4
43 44 4
43 46 4
44 11 4
44 38 4
45 9 4
45 16 4
45 31 4
46 16 4
46 35 4
46 40 4
47 13 4
47 16 4
47 30 4
47 31 4
47 37 4
48 10 4
49 18 4
49 32 4
49 37 4
49 41 4
51 0 4
51 1 4
51 24 4
51 25 4
51 34 4
51 37 4
53 2 4
53 8 4
53 10 4
53 23 4
53 29 4
54 24 4
54 25 4
54 31 4
54 45 4
55 24 4
55 42 4
56 8 4
56 10 4
56 17 4
56 19 4
56 34 4
56 37 4
56 45 4
56 46 4
57 3 4
57 44 4
58 24 4
59 14 4
59 23 4
59 46 4
60 1 4
60 8 4
60 12 4
60 13 4
60 27 4
61 1 4
61 2 4
61 7 4
61 8 4
61 17 4
61 28 4
62 25 4
63 18 4
63 22 4
64 1 4
64 3 4
64 7 4
64 9 4
64 11 4
64 12 4
64 13 4
64 15 4
64 18 4
64 27 4
64 29 4
65 9 4
65 24 4
66 4 4
66 12 4
66 18 4
66 21 4
66 24 4
67 0 4
67 11 4
67 15 4
67 22 4
67 24 4
68 8 4
68 10 4
70 1 4
70 2 4
70 7 4
70 29 4
71 0 4
71 12 4
72 1 4
72 2 4
72 8 4
72 15 4
72 20 4
72 28 4
73 2 4
73 5 4
73 6 4
73 24 4
73 26 4
74 3 4
74 8 4
74 23 4
74 28 4
75 0 4
75 12 4
75 19 4
76 1 4
76 9 4
76 29 4
77 0 4
77 5 4
77 9 4
77 14 4
77 16 4
77 19 4
80 2 4
80 7 4
80 9 4
80 12 4
81 25 4
82 2 4
82 6 4
82 7 4
82 8 4
82 9 4
82 29 4
83 2 4
83 16 4
83 23 4
83 29 4
84 4 4
84 6 4
84 7 4
84 16 4
84 29 4
85 28 4
85 29 4
86 5 4
86 9 4
86 23 4
87 2 4
87 10 4
87 26 4
87 29 4
0 48 6
1 19 6
2 6 6
2 17 6
3 46 6
3 48 6
4 26 6
5 17 6
5 41 6
6 41 6
6 45 6
7 11 6
8 19 6
8 42 6
8 45 6
8 48 6
9 14 6
9 29 6
9 42 6
9 43 6
10 4 6
10 15 6
10 16 6
10 35 6
10 40 6
10 46 6
11 5 6
11 16 6
11 24 6
11 25 6
11 29 6
11 33 6
11 37 6
12 3 6
12 6 6
12 11 6
12 18 6
12 29 6
12 42 6
12 46 6
13 10 6
13 14 6
13 16 6
14 11 6
14 15 6
14 17 6
14 26 6
14 29 6
14 45 6
14 49 6
15 11 6
15 14 6
15 21 6
15 43 6
16 27 6
16 34 6
16 41 6
17 9 6
17 27 6
17 58 6
17 62 6
17 65 6
18 9 6
18 13 6
18 37 6
19 2 6
19 22 6
20 8 6
20 28 6
20 36 6
20 41 6
20 48 6
21 33 6
21 46 6
21 57 6
22 21 6
22 27 6
22 28 6
22 32 6
22 42 6
23 8 6
23 19 6
23 28 6
23 32 6
23 37 6
23 39 6
23 45 6
23 46 6
24 74 6
24 80 6
25 44 6
25 55 6
25 61 6
25 62 6
26 8 6
27 8 6
27 26 6
28 0 6
28 9 6
28 10 6
28 30 6
28 46 6
28 50 6
28 59 6
29 21 6
29 25 6
29 26 6
29 30 6
29 40 6
29 58 6
29 62 6
29 79 6
30 65 6
32 5 6
32 8 6
32 26 6
32 47 6
32 56 6
33 0 6
33 3 6
33 4 6
33 5 6
33 7 6
33 13 6
33 14 6
33 22 6
33 24 6
33 26 6
33 47 6
34 17 6
34 20 6
34 27 6
34 33 6
34 35 6
34 45 6
34 46 6
35 14 6
35 26 6
35 32 6
36 2 6
36 34 6
36 42 6
36 45 6
37 13 6
38 2 6
38 3 6
38 15 6
38 16 6
38 19 6
38 36 6
38 38 6
38 40 6
39 0 6
39 19 6
39 29 6
39 39 6
39 41 6
40 0 6
40 7 6
40 32 6
41 40 6
42 2 6
42 4 6
42 13 6
42 16 6
43 7 6
43 16 6
43 26 6
43 34 6
43 42 6
44 13 6
44 46 6
45 32 6
46 18 6
47 3 6
47 8 6
47 14 6
47 25 6
47 27 6
47 31 6
47 37 6
47 38 6
48 12 6
48 16 6
48 18 6
48 28 6
48 38 6
49 6 6
49 10 6
49 31 6
49 38 6
50 13 6
51 3 6
51 5 6
51 8 6
51 10 6
51 14 6
51 33 6
51 34 6
51 37 6
51 45 6
51 46 6
53 3 6
53 6 6
53 8 6
53 23 6
53 25 6
53 32 6
53 35 6
53 37 6
53 42 6
53 47 6
54 8 6
54 19 6
55 11 6
55 16 6
55 31 6
56 4 6
56 12 6
56 13 6
56 19 6
56 25 6
56 31 6
56 37 6
56 38 6
57 2 6
58 1 6
58 10 6
58 18 6
58 25 6
58 38 6
59 14 6
59 42 6
60 0 6
60 1 6
60 6 6
60 8 6
60 12 6
60 14 6
60 20 6
60 27 6
61 1 6
61 6 6
61 16 6
61 21 6
61 22 6
61 29 6
62 22 6
62 25 6
63 9 6
63 24 6
64 3 6
64 13 6
64 20 6
65 25 6
66 10 6
66 23 6
66 27 6
67 17 6
67 20 6
67 22 6
67 24 6
68 0 6
68 1 6
68 8 6
68 12 6
68 13 6
69 8 6
69 26 6
70 7 6
70 9 6
70 15 6
70 23 6
71 5 6
72 10 6
72 12 6
72 27 6
73 5 6
73 9 6
73 10 6
73 11 6
73 17 6
73 24 6
74 0 6
74 3 6
74 24 6
75 21 6
75 22 6
76 0 6
76 17 6
76 20 6
76 21 6
76 25 6
76 27 6
77 6 6
77 9 6
77 25 6
77 27 6
78 19 6
79 0 6
79 4 6
79 14 6
79 19 6
79 22 6
80 0 6
80 13 6
81 26 6
82 18 6
82 22 6
82 24 6
82 27 6
83 9 6
83 14 6
83 16 6
83 23 6
83 24 6
84 1 6
84 4 6
84 7 6
84 9 6
84 23 6
85 1 6
85 13 6
85 23 6
86 9 6
86 22 6
86 24 6
86 25 6
87 8 6
87 17 6
87 21 6
0 6 8
0 15 8
0 33 8
2 10 8
2 11 8
2 30 8
3 32 8
4 16 8
4 17 8
4 37 8
4 47 8
4 58 8
5 33 8
5 41 8
6 46 8
7 41 8
7 48 8
8 7 8
8 38 8
8 41 8
8 42 8
9 15 8
10 0 8
10 25 8
10 44 8
11 15 8
11 19 8
11 25 8
11 29 8
11 45 8
11 47 8
12 1 8
12 4 8
12 6 8
12 9 8
12 14 8
12 18 8
12 38 8
12 45 8
12 47 8
14 1 8
14 6 8
14 8 8
14 15 8
15 1 8
15 36 8
15 40 8
15 41 8
16 19 8
16 38 8
17 0 8
17 17 8
17 26 8
17 27 8
17 32 8
17 52 8
17 56 8
18 1 8
18 2 8
18 5 8
18 9 8
18 23 8
18 24 8
18 32 8
18 34 8
18 44 8
18 47 8
18 48 8
19 29 8
19 37 8
19 46 8
21 1 8
21 28 8
21 33 8
21 45 8
22 19 8
22 45 8
23 11 8
23 29 8
24 26 8
24 53 8
24 66 8
24 74 8
24 83 8
25 31 8
25 34 8
25 52 8
26 8 8
26 10 8
26 29 8
26 34 8
26 42 8
27 8 8
27 26 8
27 33 8
28 5 8
28 10 8
28 25 8
28 32 8
28 64 8
29 8 8
29 9 8
29 19 8
29 24 8
29 28 8
29 41 8
29 48 8
29 79 8
30 50 8
31 20 8
31 29 8
32 0 8
32 7 8
32 9 8
32 32 8
32 38 8
32 53 8
33 1 8
33 14 8
33 37 8
34 5 8
34 19 8
34 28 8
34 33 8
34 39 8
34 40 8
35 39 8
36 38 8
37 12 8
38 4 8
38 6 8
38 7 8
38 16 8
38 21 8
38 27 8
39 13 8
39 25 8
39 34 8
39 35 8
39 46 8
40 17 8
40 22 8
40 24 8
41 27 8
41 39 8
42 44 8
43 39 8
43 42 8
44 38 8
45 31 8
45 32 8
46 7 8
47 6 8
47 12 8
47 20 8
47 26 8
47 46 8
48 33 8
48 34 8
50 17 8
50 26 8
51 1 8
51 5 8
51 17 8
51 37 8
52 5 8
52 25 8
53 6 8
53 37 8
54 45 8
55 16 8
56 16 8
56 24 8
56 35 8
57 22 8
57 35 8
58 24 8
59 36 8
59 45 8
60 7 8
60 14 8
60 16 8
61 8 8
61 13 8
61 18 8
61 28 8
62 9 8
62 13 8
62 14 8
62 25 8
63 22 8
63 27 8
64 0 8
64 1 8
64 2 8
64 8 8
64 10 8
64 12 8
64 26 8
65 12 8
65 16 8
65 19 8
66 2 8
66 6 8
67 4 8
67 17 8
69 4 8
69 25 8
70 2 8
70 18 8
70 19 8
71 6 8
72 1 8
72 4 8
72 6 8
72 11 8
73 9 8
73 29 8
74 8 8
74 10 8
74 24 8
74 27 8
75 0 8
75 19 8
75 21 8
75 28 8
76 13 8
76 19 8
76 25 8
77 6 8
78 8 8
79 10 8
79 23 8
79 27 8
80 11 8
80 18 8
80 23 8
81 18 8
81 24 8
81 29 8
82 8 8
82 10 8
82 20 8
82 22 8
83 1 8
83 3 8
83 11 8
83 14 8
84 12 8
84 23 8
84 25 8
85 11 8
85 24 8
86 15 8
86 23 8
87 5 8
87 20 8
87 21 8
0 15 10
0 24 10
0 45 10
2 3 10
4 24 10
4 42 10
4 48 10
4 57 10
6 41 10
6 46 10
6 53 10
6 54 10
7 2 10
7 6 10
7 19 10
7 46 10
7 48 10
8 3 10
8 7 10
8 31 10
9 13 10
9 38 10
10 0 10
10 3 10
10 15 10
10 48 10
11 7 10
11 10 10
11 15 10
11 24 10
12 4 10
12 9 10
12 14 10
12 16 10
12 23 10
13 10 10
13 11 10
14 36 10
15 1 10
15 2 10
15 27 10
15 32 10
15 40 10
16 40 10
17 10 10
17 33 10
17 35 10
17 36 10
17 42 10
17 47 10
18 8 10
18 10 10
18 22 10
18 24 10
18 28 10
18 30 10
18 33 10
18 38 10
18 40 10
18 41 10
18 49 10
18 56 10
19 2 10
19 5 10
19 28 10
19 30 10
19 31 10
19 33 10
19 37 10
19 42 10
21 63 10
23 8 10
23 19 10
23 27 10
23 36 10
23 45 10
23 46 10
24 16 10
24 71 10
25 6 10
25 10 10
25 27 10
25 31 10
25 36 10
25 44 10
25 45 10
25 49 10
25 58 10
25 62 10
26 47 10
27 30 10
28 5 10
28 11 10
28 15 10
28 16 10
28 22 10
28 40 10
28 64 10
28 67 10
29 26 10
29 35 10
29 41 10
29 59 10
29 63 10
30 54 10
31 0 10
31 26 10
31 30 10
31 31 10
31 49 10
31 56 10
32 5 10
32 19 10
32 30 10
32 41 10
32 53 10
32 57 10
33 1 10
33 4 10
33 9 10
33 35 10
34 19 10
34 20 10
35 9 10
35 41 10
36 4 10
36 21 10
36 22 10
36 25 10
36 32 10
36 47 10
38 1 10
38 5 10
38 9 10
38 18 10
38 22 10
38 25 10
38 28 10
38 35 10
38 45 10
39 15 10
39 26 10
40 22 10
40 45 10
42 2 10
42 6 10
42 34 10
43 39 10
45 16 10
47 5 10
47 17 10
47 27 10
48 13 10
48 23 10
48 27 10
49 16 10
49 18 10
49 27 10
49 37 10
51 17 10
51 18 10
51 22 10
52 27 10
52 42 10
53 22 10
53 29 10
53 45 10
54 16 10
54 45 10
55 18 10
56 1 10
56 3 10
56 5 10
56 11 10
56 12 10
56 13 10
57 31 10
58 18 10
59 8 10
59 17 10
60 0 10
60 2 10
60 4 10
60 13 10
60 19 10
61 18 10
61 22 10
62 14 10
62 17 10
62 23 10
62 29 10
63 4 10
63 24 10
63 25 10
63 29 10
64 12 10
64 16 10
64 21 10
64 25 10
64 29 10
65 3 10
65 10 10
65 12 10
65 14 10
65 16 10
65 24 10
65 26 10
66 10 10
66 23 10
67 12 10
67 20 10
68 13 10
68 20 10
69 3 10
69 4 10
69 14 10
69 25 10
70 17 10
71 10 10
71 24 10
71 29 10
72 2 10
72 10 10
72 12 10
72 28 10
73 11 10
73 26 10
74 1 10
74 11 10
74 18 10
74 22 10
75 1 10
75 2 10
75 4 10
75 17 10
75 24 10
76 1 10
76 6 10
76 9 10
76 10 10
76 17 10
76 21 10
77 19 10
78 19 10
79 0 10
79 4 10
79 8 10
79 12 10
79 22 10
80 26 10
80 29 10
81 11 10
81 22 10
82 6 10
82 9 10
82 10 10
82 13 10
82 15 10
82 27 10
83 1 10
83 2 10
83 7 10
83 12 10
83 16 10
83 23 10
84 13 10
84 22 10
85 0 10
85 1 10
85 13 10
85 20 10
86 23 10
0 33 12
0 35 12
0 53 12
1 17 12
3 21 12
4 6 12
5 11 12
5 29 12
6 54 12
8 6 12
8 48 12
9 3 12
9 7 12
9 21 12
9 33 12
9 41 12
9 47 12
9 49 12
10 26 12
11 7 12
11 14 12
11 22 12
11 46 12
12 7 12
12 12 12
12 19 12
12 24 12
12 38 12
13 11 12
13 14 12
13 38 12
13 40 12
14 9 12
14 16 12
14 23 12
14 29 12
14 32 12
14 44 12
14 46 12
14 47 12
14 49 12
15 4 12
15 7 12
15 16 12
15 19 12
15 20 12
15 22 12
15 42 12
16 40 12
17 7 12
17 8 12
17 10 12
17 24 12
17 26 12
17 36 12
17 40 12
17 53 12
17 54 12
17 57 12
17 58 12
18 1 12
18 8 12
18 18 12
18 22 12
18 28 12
18 31 12
18 40 12
18 46 12
18 49 12
18 56 12
19 10 12
19 18 12
19 25 12
19 27 12
19 33 12
19 39 12
19 46 12
20 20 12
21 1 12
22 19 12
22 20 12
22 45 12
23 28 12
23 34 12
23 36 12
23 45 12
24 8 12
24 35 12
24 61 12
25 34 12
25 41 12
25 62 12
26 6 12
26 34 12
26 47 12
27 11 12
27 63 12
28 6 12
28 24 12
28 28 12
28 52 12
28 57 12
28 64 12
29 9 12
29 16 12
29 19 12
29 21 12
29 23 12
29 24 12
29 39 12
29 44 12
29 55 12
29 75 12
31 0 12
31 11 12
31 26 12
31 29 12
31 35 12
31 49 12
31 56 12
32 1 12
32 10 12
32 21 12
32 44 12
33 0 12
33 17 12
33 19 12
33 24 12
33 27 12
33 39 12
33 40 12
33 41 12
34 22 12
34 33 12
34 47 12
35 1 12
35 22 12
36 9 12
37 12 12
38 13 12
38 34 12
38 44 12
39 1 12
39 9 12
39 10 12
39 13 12
40 25 12
40 39 12
41 1 12
41 39 12
42 7 12
42 18 12
42 26 12
43 47 12
44 2 12
44 25 12
44 26 12
44 35 12
45 7 12
46 11 12
46 23 12
46 35 12
47 5 12
47 15 12
47 17 12
47 26 12
47 33 12
47 35 12
47 42 12
47 45 12
48 0 12
48 12 12
49 16 12
49 38 12
50 0 12
52 2 12
52 3 12
52 16 12
52 22 12
52 23 12
53 1 12
53 15 12
53 32 12
56 11 12
56 31 12
56 35 12
56 36 12
56 43 12
56 44 12
56 46 12
57 10 12
57 39 12
59 17 12
59 45 12
60 20 12
61 0 12
61 16 12
61 20 12
62 4 12
62 7 12
62 17 12
62 19 12
62 21 12
62 25 12
63 4 12
63 6 12
63 10 12
63 25 12
63 27 12
63 29 12
64 9 12
64 13 12
64 17 12
64 22 12
65 4 12
65 6 12
65 17 12
66 23 12
67 3 12
68 23 12
69 3 12
69 14 12
71 9 12
71 12 12
71 29 12
72 11 12
72 19 12
72 24 12
73 19 12
73 20 12
75 10 12
76 8 12
76 18 12
76 24 12
76 27 12
77 24 12
79 13 12
79 14 12
79 21 12
79 22 12
80 29 12
81 8 12
81 29 12
82 2 12
82 16 12
82 18 12
82 19 12
83 9 12
83 11 12
83 27 12
84 12 12
84 13 12
84 20 12
84 27 12
85 8 12
85 19 12
85 24 12
85 27 12
87 19 12
87 23 12
0 22 14
0 26 14
2 3 14
2 31 14
3 17 14
3 21 14
3 47 14
3 53 14
4 16 14
4 35 14
4 42 14
4 48 14
4 49 14
5 14 14
6 6 14
6 10 14
6 21 14
7 8 14
7 19 14
7 21 14
7 45 14
7 47 14
8 11 14
8 21 14
8 37 14
9 7 14
9 25 14
9 42 14
9 47 14
10 29 14
10 41 14
11 22 14
12 19 14
13 17 14
13 19 14
14 1 14
14 12 14
14 16 14
14 19 14
14 24 14
14 34 14
14 48 14
15 16 14
15 17 14
15 22 14
15 24 14
15 29 14
15 44 14
16 49 14
17 1 14
17 5 14
17 25 14
17 35 14
17 40 14
17 43 14
17 51 14
17 56 14
18 0 14
18 2 14
18 5 14
18 6 14
18 18 14
18 28 14
18 29 14
18 30 14
18 33 14
18 36 14
18 37 14
18 41 14
18 44 14
18 50 14
19 5 14
19 15 14
19 21 14
19 25 14
19 27 14
19 30 14
19 39 14
20 17 14
20 26 14
21 11 14
21 31 14
21 35 14
21 44 14
21 45 14
22 38 14
23 9 14
23 10 14
23 29 14
23 33 14
23 34 14
24 16 14
24 26 14
24 30 14
24 38 14
24 53 14
24 54 14
24 56 14
24 83 14
25 8 14
25 29 14
25 53 14
26 35 14
27 6 14
27 42 14
27 44 14
27 57 14
27 64 14
28 21 14
28 72 14
29 9 14
29 23 14
29 35 14
29 37 14
29 46 14
29 55 14
30 52 14
31 0 14
31 11 14
31 56 14
31 59 14
32 25 14
32 30 14
33 24 14
34 16 14
34 33 14
34 39 14
36 6 14
36 11 14
37 8 14
37 25 14
37 36 14
37 39 14
38 8 14
38 21 14
38 47 14
39 2 14
39 23 14
39 28 14
39 34 14
40 12 14
40 17 14
40 38 14
40 45 14
41 4 14
41 28 14
42 4 14
42 10 14
43 15 14
43 38 14
45 7 14
45 21 14
45 47 14
46 7 14
46 35 14
47 35 14
47 47 14
48 16 14
48 27 14
49 37 14
50 18 14
51 15 14
52 3 14
52 7 14
52 16 14
52 42 14
53 1 14
53 15 14
54 32 14
54 42 14
54 47 14
56 13 14
56 32 14
57 16 14
57 22 14
57 39 14
58 9 14
59 8 14
60 21 14
61 3 14
61 20 14
62 10 14
63 0 14
63 2 14
63 3 14
64 1 14
64 11 14
64 12 14
64 18 14
66 2 14
66 6 14
67 0 14
67 19 14
67 28 14
68 20 14
69 4 14
69 17 14
69 20 14
69 21 14
70 0 14
70 9 14
70 12 14
71 10 14
72 11 14
72 13 14
72 18 14
72 28 14
73 8 14
73 11 14
73 16 14
74 0 14
74 20 14
74 25 14
76 1 14
76 6 14
76 8 14
76 18 14
77 2 14
77 12 14
77 19 14
77 24 14
78 18 14
80 1 14
80 4 14
80 13 14
80 14 14
80 21 14
80 24 14
80 27 14
81 1 14
81 7 14
81 24 14
82 9 14
82 15 14
82 16 14
82 23 14
82 29 14
83 13 14
83 14 14
83 20 14
83 28 14
84 0 14
84 6 14
84 13 14
84 20 14
84 27 14
85 9 14
85 17 14
85 19 14
85 27 14
87 3 14
0 4 16
0 26 16
0 29 16
0 45 16
0 53 16
0 56 16
1 3 16
2 25 16
3 46 16
4 35 16
4 47 16
4 54 16
5 21 16
6 24 16
7 5 16
8 21 16
9 41 16
10 16 16
10 34 16
10 35 16
11 3 16
11 22 16
12 7 16
14 23 16
14 35 16
14 40 16
14 41 16
15 24 16
15 29 16
15 44 16
15 48 16
17 0 16
17 18 16
17 44 16
17 52 16
18 4 16
18 7 16
18 8 16
18 29 16
18 32 16
18 37 16
18 47 16
19 11 16
21 27 16
21 36 16
21 37 16
22 31 16
23 43 16
24 9 16
24 48 16
24 58 16
24 74 16
24 84 16
25 5 16
25 9 16
25 15 16
25 27 16
25 46 16
26 6 16
27 11 16
27 44 16
27 54 16
28 8 16
28 20 16
28 28 16
28 69 16
30 31 16
30 41 16
30 49 16
32 1 16
32 8 16
32 10 16
32 11 16
32 18 16
32 25 16
32 30 16
32 36 16
32 50 16
33 0 16
33 23 16
33 26 16
33 32 16
33 46 16
34 8 16
34 17 16
37 24 16
38 5 16
38 9 16
38 28 16
39 4 16
39 36 16
40 1 16
40 17 16
41 10 16
41 16 16
41 20 16
41 25 16
41 28 16
41 32 16
41 35 16
42 10 16
42 22 16
43 7 16
43 15 16
44 35 16
46 23 16
47 45 16
48 3 16
48 16 16
49 10 16
49 37 16
50 0 16
50 3 16
50 4 16
50 10 16
50 12 16
50 19 16
50 33 16
51 15 16
52 10 16
52 36 16
52 37 16
53 46 16
56 1 16
56 13 16
56 16 16
56 19 16
57 28 16
57 45 16
58 4 16
60 4 16
60 18 16
60 27 16
61 15 16
61 16 16
61 17 16
61 23 16
62 29 16
63 8 16
63 21 16
64 6 16
64 17 16
64 21 16
65 6 16
65 23 16
66 1 16
66 19 16
66 22 16
67 4 16
67 6 16
67 19 16
68 2 16
68 18 16
69 9 16
69 20 16
70 9 16
71 5 16
72 6 16
72 13 16
72 29 16
74 0 16
74 1 16
74 13 16
74 14 16
75 13 16
75 26 16
75 29 16
76 4 16
76 5 16
76 13 16
76 20 16
76 24 16
77 5 16
77 12 16
77 24 16
78 3 16
79 0 16
79 5 16
79 6 16
79 8 16
79 9 16
79 11 16
79 14 16
79 16 16
79 24 16
79 28 16
80 2 16
80 16 16
80 21 16
80 23 16
81 11 16
82 11 16
82 18 16
82 20 16
82 24 16
84 21 16
85 22 16
86 6 16
0 11 18
0 46 18
2 8 18
3 48 18
4 7 18
4 44 18
5 29 18
5 41 18
5 45 18
5 46 18
8 16 18
8 33 18
8 38 18
8 48 18
9 0 18
10 1 18
10 14 18
10 40 18
11 26 18
12 16 18
12 42 18
13 8 18
13 17 18
13 32 18
13 38 18
14 25 18
14 34 18
14 39 18
15 5 18
15 7 18
15 14 18
15 25 18
15 48 18
16 10 18
16 12 18
16 20 18
16 46 18
17 4 18
17 10 18
17 43 18
17 56 18
17 63 18
18 4 18
18 5 18
18 28 18
19 11 18
19 34 18
20 28 18
21 36 18
21 40 18
21 53 18
21 56 18
22 28 18
22 31 18
22 41 18
23 2 18
23 8 18
23 10 18
23 15 18
23 16 18
23 21 18
23 24 18
23 25 18
23 29 18
23 31 18
23 32 18
23 45 18
24 38 18
24 42 18
24 51 18
24 52 18
24 53 18
24 71 18
24 74 18
24 80 18
25 8 18
25 25 18
25 30 18
25 45 18
25 52 18
25 61 18
26 7 18
27 18 18
27 36 18
27 47 18
28 1 18
28 8 18
28 21 18
28 42 18
28 64 18
28 69 18
28 73 18
29 23 18
29 76 18
30 32 18
30 51 18
31 15 18
31 32 18
31 45 18
32 32 18
32 49 18
32 50 18
33 22 18
33 41 18
34 5 18
34 19 18
34 41 18
35 21 18
35 34 18
36 9 18
36 24 18
38 12 18
38 21 18
38 37 18
38 39 18
39 32 18
39 34 18
39 46 18
40 13 18
40 14 18
40 24 18
40 28 18
41 1 18
41 3 18
41 10 18
41 12 18
41 34 18
41 38 18
41 41 18
42 42 18
43 40 18
44 33 18
44 40 18
46 2 18
46 25 18
46 33 18
47 1 18
48 8 18
49 3 18
49 4 18
49 12 18
49 27 18
50 4 18
52 18 18
52 24 18
53 45 18
53 46 18
54 11 18
54 16 18
54 26 18
55 44 18
56 7 18
56 27 18
56 31 18
56 34 18
56 37 18
58 4 18
60 3 18
61 3 18
62 28 18
63 25 18
63 26 18
64 1 18
64 18 18
65 10 18
65 26 18
66 4 18
66 22 18
66 26 18
67 0 18
67 22 18
67 28 18
68 0 18
68 9 18
70 3 18
70 6 18
70 18 18
70 19 18
71 2 18
71 18 18
71 25 18
71 29 18
72 2 18
72 16 18
73 0 18
73 6 18
73 10 18
73 12 18
73 22 18
74 25 18
75 0 18
75 10 18
75 18 18
75 28 18
76 0 18
76 9 18
76 22 18
77 2 18
77 5 18
80 21 18
80 22 18
80 23 18
80 28 18
81 1 18
81 8 18
81 27 18
82 7 18
82 9 18
82 29 18
83 8 18
83 19 18
84 5 18
84 14 18
84 15 18
85 19 18
86 6 18
86 12 18
86 15 18
87 15 18
87 23 18
87 29 18
0 0 20
0 41 20
0 48 20
2 18 20
4 33 20
5 14 20
5 38 20
5 41 20
5 45 20
6 29 20
6 40 20
6 41 20
6 46 20
6 54 20
7 21 20
8 6 20
9 34 20
10 40 20
13 7 20
13 8 20
13 14 20
13 40 20
13 46 20
14 12 20
14 17 20
14 20 20
14 21 20
14 43 20
15 7 20
15 25 20
15 27 20
15 40 20
16 37 20
17 1 20
17 24 20
17 53 20
17 57 20
18 1 20
18 17 20
18 26 20
18 28 20
18 44 20
18 50 20
19 5 20
19 8 20
19 24 20
19 28 20
19 29 20
19 31 20
19 33 20
19 34 20
19 35 20
19 37 20
20 11 20
20 28 20
20 30 20
20 38 20
22 22 20
22 34 20
23 9 20
23 10 20
23 11 20
23 12 20
23 17 20
23 25 20
23 28 20
23 37 20
23 44 20
23 45 20
23 46 20
24 0 20
24 5 20
24 8 20
24 13 20
24 38 20
24 39 20
24 58 20
24 66 20
24 68 20
24 71 20
25 6 20
25 10 20
25 26 20
25 27 20
25 41 20
25 61 20
25 62 20
26 29 20
26 45 20
27 21 20
28 1 20
28 11 20
28 24 20
28 44 20
28 56 20
28 64 20
29 11 20
29 62 20
30 49 20
30 57 20
31 15 20
31 31 20
31 35 20
31 45 20
32 8 20
32 36 20
32 49 20
33 0 20
33 4 20
33 9 20
33 24 20
33 32 20
33 35 20
34 17 20
35 13 20
35 22 20
36 0 20
36 33 20
37 8 20
37 24 20
37 26 20
38 9 20
38 11 20
38 24 20
38 29 20
38 34 20
38 37 20
39 0 20
39 1 20
39 2 20
39 12 20
39 26 20
39 34 20
40 2 20
40 4 20
40 12 20
40 15 20
40 17 20
40 27 20
40 34 20
40 38 20
41 14 20
41 28 20
41 37 20
42 10 20
42 23 20
42 38 20
44 37 20
44 39 20
44 47 20
46 7 20
46 23 20
48 5 20
48 22 20
48 23 20
49 1 20
49 3 20
49 33 20
49 35 20
49 37 20
49 42 20
50 1 20
50 27 20
50 36 20
52 10 20
52 11 20
53 38 20
54 14 20
56 5 20
56 13 20
56 36 20
60 15 20
60 27 20
61 15 20
61 17 20
61 21 20
62 7 20
62 25 20
62 27 20
63 26 20
64 1 20
64 5 20
64 21 20
65 20 20
66 9 20
66 22 20
66 25 20
67 5 20
67 14 20
68 0 20
68 29 20
69 26 20
70 3 20
70 7 20
70 18 20
70 25 20
71 4 20
71 9 20
72 5 20
72 18 20
73 0 20
73 10 20
73 24 20
73 25 20
73 29 20
74 0 20
74 1 20
74 10 20
74 22 20
75 7 20
75 10 20
75 26 20
76 1 20
76 11 20
76 17 20
76 19 20
77 9 20
77 20 20
80 11 20
80 12 20
80 25 20
80 28 20
81 2 20
81 23 20
81 24 20
81 29 20
82 0 20
82 5 20
82 9 20
82 21 20
83 4 20
83 8 20
83 10 20
84 6 20
84 21 20
84 26 20
86 9 20
86 15 20
87 29 20
1 17 22
2 28 22
3 35 22
3 38 22
4 11 22
4 20 22
4 35 22
4 37 22
5 11 22
6 35 22
6 56 22
7 14 22
9 29 22
9 33 22
10 19 22
10 32 22
11 8 22
11 31 22
12 14 22
12 29 22
12 37 22
13 3 22
14 4 22
14 26 22
14 27 22
14 40 22
14 49 22
15 38 22
16 20 22
16 47 22
16 48 22
17 25 22
17 47 22
18 21 22
18 28 22
18 32 22
18 41 22
19 6 22
19 42 22
22 6 22
22 34 22
22 48 22
23 2 22
23 6 22
23 8 22
23 15 22
23 29 22
23 33 22
23 44 22
24 0 22
24 8 22
24 23 22
24 35 22
24 37 22
24 42 22
24 51 22
24 58 22
24 70 22
24 75 22
24 80 22
25 31 22
25 33 22
25 36 22
25 49 22
25 50 22
25 60 22
25 62 22
26 45 22
27 18 22
27 19 22
28 10 22
28 47 22
28 61 22
28 65 22
28 73 22
29 23 22
30 57 22
30 65 22
31 19 22
32 6 22
33 25 22
33 41 22
33 46 22
34 2 22
34 6 22
34 15 22
34 32 22
34 41 22
34 47 22
35 7 22
35 19 22
35 22 22
35 25 22
35 46 22
36 6 22
36 27 22
36 36 22
37 33 22
38 1 22
38 9 22
38 11 22
38 28 22
38 29 22
39 5 22
39 22 22
39 46 22
40 15 22
40 16 22
40 20 22
40 24 22
40 27 22
40 30 22
40 35 22
40 41 22
41 0 22
41 2 22
41 12 22
41 14 22
41 16 22
41 22 22
41 37 22
41 39 22
41 40 22
42 7 22
42 12 22
42 38 22
42 40 22
42 46 22
43 4 22
43 5 22
43 7 22
43 40 22
43 44 22
43 47 22
44 11 22
44 19 22
44 32 22
44 37 22
44 40 22
45 10 22
46 5 22
48 32 22
49 15 22
49 34 22
50 1 22
50 10 22
50 11 22
50 21 22
50 36 22
52 23 22
52 44 22
53 9 22
53 23 22
53 39 22
56 1 22
56 33 22
56 37 22
56 42 22
58 9 22
60 6 22
60 23 22
61 6 22
61 10 22
61 23 22
62 26 22
63 7 22
64 24 22
65 5 22
65 10 22
65 23 22
65 24 22
66 2 22
66 4 22
66 9 22
66 10 22
66 26 22
66 27 22
67 1 22
67 11 22
67 19 22
68 21 22
68 23 22
68 24 22
68 27 22
70 15 22
71 4 22
71 12 22
71 14 22
71 18 22
71 25 22
71 28 22
72 5 22
72 11 22
72 14 22
72 19 22
73 2 22
73 5 22
73 7 22
73 25 22
74 0 22
74 5 22
74 7 22
74 21 22
75 10 22
75 23 22
75 28 22
76 2 22
76 13 22
76 21 22
77 29 22
80 2 22
80 13 22
80 16 22
81 6 22
81 11 22
81 15 22
81 18 22
81 26 22
82 7 22
82 11 22
82 12 22
82 15 22
83 27 22
84 13 22
84 27 22
85 15 22
1 3 24
2 7 24
3 6 24
3 18 24
3 41 24
4 11 24
4 47 24
6 6 24
6 29 24
6 32 24
6 41 24
6 48 24
9 3 24
9 29 24
10 14 24
11 24 24
11 31 24
12 25 24
12 49 24
13 3 24
13 7 24
13 17 24
13 46 24
14 26 24
14 45 24
15 16 24
15 27 24
16 10 24
16 20 24
16 24 24
17 0 24
17 47 24
18 16 24
18 18 24
18 20 24
18 21 24
18 30 24
18 37 24
18 47 24
18 49 24
19 15 24
19 17 24
19 25 24
19 46 24
20 0 24
20 11 24
20 18 24
21 11 24
21 18 24
22 29 24
23 7 24
23 15 24
23 18 24
23 23 24
24 20 24
24 37 24
24 38 24
24 39 24
24 41 24
25 8 24
25 23 24
25 25 24
25 30 24
25 37 24
25 44 24
26 11 24
26 21 24
26 25 24
26 45 24
27 16 24
27 19 24
28 0 24
28 10 24
28 47 24
28 53 24
28 58 24
28 64 24
29 15 24
29 39 24
30 40 24
31 34 24
31 39 24
31 45 24
31 56 24
33 9 24
34 36 24
35 1 24
35 2 24
35 19 24
35 34 24
35 45 24
35 46 24
36 0 24
37 24 24
38 17 24
38 19 24
38 24 24
40 0 24
40 1 24
40 2 24
40 3 24
40 6 24
40 7 24
40 8 24
40 11 24
40 13 24
40 14 24
40 16 24
40 19 24
40 20 24
40 21 24
40 23 24
40 26 24
40 32 24
40 33 24
40 38 24
40 39 24
40 40 24
40 42 24
40 45 24
40 46 24
41 0 24
41 12 24
41 14 24
41 45 24
42 7 24
42 8 24
42 16 24
43 29 24
43 35 24
44 1 24
44 5 24
44 6 24
44 16 24
44 46 24
45 10 24
47 10 24
47 23 24
47 26 24
49 2 24
49 23 24
49 42 24
50 10 24
50 22 24
51 36 24
52 8 24
52 11 24
52 18 24
53 9 24
54 14 24
56 8 24
56 19 24
56 25 24
57 14 24
57 36 24
58 8 24
59 22 24
60 0 24
60 4 24
61 10 24
61 16 24
61 25 24
62 9 24
62 11 24
63 2 24
63 4 24
63 19 24
63 24 24
64 13 24
64 22 24
64 26 24
65 16 24
66 13 24
66 21 24
67 5 24
67 14 24
68 27 24
68 29 24
69 8 24
69 22 24
70 9 24
70 23 24
70 26 24
71 5 24
71 10 24
71 15 24
71 19 24
71 20 24
71 27 24
71 28 24
72 9 24
72 15 24
72 21 24
72 25 24
73 5 24
73 6 24
73 28 24
74 11 24
76 9 24
76 17 24
77 16 24
77 21 24
78 0 24
78 3 24
78 4 24
78 11 24
78 15 24
78 28 24
80 16 24
81 11 24
81 25 24
82 24 24
83 0 24
83 24 24
84 12 24
84 16 24
85 15 24
86 11 24
86 13 24
0 46 26
0 52 26
2 2 26
3 9 26
5 10 26
5 45 26
5 46 26
5 48 26
6 33 26
7 46 26
8 0 26
8 25 26
9 20 26
10 19 26
10 48 26
11 12 26
12 34 26
12 48 26
12 49 26
13 5 26
13 41 26
14 44 26
14 48 26
15 16 26
15 22 26
17 18 26
17 64 26
18 3 26
18 47 26
19 3 26
19 6 26
19 7 26
19 9 26
19 10 26
19 15 26
19 21 26
19 23 26
19 28 26
19 31 26
19 32 26
19 33 26
19 35 26
19 38 26
19 45 26
19 46 26
23 18 26
23 23 26
24 55 26
24 67 26
25 22 26
25 23 26
25 30 26
25 37 26
25 49 26
25 61 26
25 62 26
26 23 26
26 30 26
26 42 26
27 29 26
28 56 26
30 19 26
30 40 26
31 19 26
31 49 26
31 51 26
31 56 26
32 9 26
32 18 26
32 24 26
33 2 26
33 4 26
33 13 26
33 17 26
33 25 26
33 34 26
33 46 26
34 6 26
34 11 26
34 33 26
34 39 26
34 46 26
35 2 26
35 5 26
35 32 26
36 2 26
36 4 26
36 24 26
36 34 26
37 18 26
38 13 26
39 26 26
39 34 26
39 47 26
40 24 26
40 28 26
41 22 26
41 23 26
42 3 26
42 24 26
42 46 26
44 31 26
44 33 26
46 33 26
46 45 26
47 10 26
49 23 26
50 22 26
50 45 26
53 0 26
54 39 26
55 16 26
56 6 26
56 16 26
56 19 26
57 0 26
58 35 26
60 3 26
60 10 26
61 0 26
61 5 26
61 8 26
61 16 26
61 26 26
62 2 26
63 4 26
63 11 26
63 25 26
63 27 26
64 9 26
64 20 26
65 11 26
65 14 26
65 19 26
65 21 26
65 23 26
65 26 26
66 22 26
67 16 26
67 22 26
69 24 26
70 9 26
70 15 26
70 19 26
70 21 26
71 0 26
71 5 26
71 14 26
71 17 26
72 11 26
72 15 26
72 18 26
72 19 26
72 27 26
72 29 26
74 4 26
75 25 26
75 29 26
76 13 26
76 21 26
77 5 26
77 27 26
78 4 26
78 11 26
78 15 26
78 27 26
79 20 26
80 1 26
80 13 26
81 2 26
81 18 26
82 1 26
82 10 26
83 2 26
83 10 26
83 15 26
83 23 26
83 29 26
84 7 26
84 25 26
85 25 26
87 24 26
