3 2
3 4
7 0
7 2
7 4
7 8
7 10
7 14
7 16
7 18
7 20
7 22
7 24
7 26
8 10
8 12
8 14
8 16
8 18
8 20
8 22
8 24
8 26
11 0
11 8
11 10
11 14
13 0
13 2
13 6
13 8
13 10
13 12
13 14
13 16
13 22
13 24
15 0
15 20
15 22
15 24
15 26
16 0
16 2
16 16
16 18
16 26
17 0
18 0
20 0
20 2
20 10
20 12
21 0
21 20
21 22
21 24
21 26
22 0
22 2
22 4
22 6
22 8
22 18
22 22
22 24
22 26
23 0
23 14
23 26
24 0
26 0
26 2
26 22
27 0
29 0
29 2
29 4
29 20
29 22
29 26
30 8
30 12
30 16
30 18
30 20
30 22
30 24
30 26
31 0
31 2
31 8
32 22
32 24
32 26
34 24
44 14
45 12
45 18
45 20
45 22
47 16
47 18
47 24
47 26
50 2
50 4
50 6
50 8
51 10
51 12
51 14
51 16
51 18
51 20
51 22
51 24
51 26
52 4
52 16
52 26
55 2
55 4
55 6
55 8
55 10
55 12
55 14
55 16
55 18
55 20
55 22
55 24
55 26
57 4
57 6
57 8
57 20
58 8
58 10
58 16
58 18
58 20
58 22
58 24
58 26
59 8
59 10
59 12
59 14
59 16
59 18
59 20
59 22
59 24
59 26
62 0
63 2
65 0
65 2
65 14
66 0
66 2
68 0
68 8
68 10
68 12
68 14
68 20
68 22
68 24
68 26
69 0
69 2
70 0
71 0
71 2
73 26
74 0
75 0
78 0
78 2
78 10
78 12
78 14
79 0
83 0
85 0
85 24
86 0
86 2
86 4
86 6
86 8
86 10
86 12
86 14
86 16
87 0
