3 24
19 22
19 24
23 18
26 8
32 8
32 10
32 12
32 14
32 16
33 0
33 2
33 4
33 6
33 8
33 10
33 12
33 14
33 16
33 18
33 20
33 22
33 24
33 26
35 4
35 6
35 8
35 10
35 12
35 14
35 16
35 18
35 20
35 22
36 6
36 8
36 10
36 12
36 14
36 16
36 18
36 20
36 22
36 24
36 26
37 0
37 4
37 6
37 8
37 10
37 12
37 14
37 16
37 18
37 20
37 22
37 24
37 26
38 4
38 6
38 8
38 10
38 12
38 14
38 16
38 18
38 20
38 22
38 24
38 26
39 0
39 18
39 22
39 24
39 26
40 0
40 6
40 8
40 10
40 12
40 14
40 16
40 18
40 20
40 22
41 0
41 2
41 4
41 6
41 8
41 10
41 14
41 16
41 20
41 22
41 24
41 26
43 2
43 18
43 20
44 24
44 26
62 4
62 6
62 8
62 16
62 18
62 20
62 22
62 24
64 6
64 8
64 16
64 18
64 20
64 22
64 24
64 26
72 6
72 8
79 6
79 8
79 10
79 12
79 14
80 12
80 14
81 12
81 14
81 16
84 12
