0 0
0 2
2 12
2 14
2 16
2 18
2 20
2 22
2 24
2 26
3 6
3 8
3 10
3 12
3 14
3 16
3 18
3 20
5 2
5 4
5 6
6 0
6 2
6 4
6 6
6 24
6 26
7 6
8 6
8 8
9 0
10 0
11 2
11 4
11 6
11 12
11 16
11 18
11 20
11 22
11 24
11 26
12 12
12 16
12 18
12 20
12 22
12 24
12 26
13 4
13 18
13 20
13 26
15 2
15 4
15 6
15 8
15 10
15 12
15 14
15 16
15 18
16 4
16 6
16 10
16 12
16 20
16 22
16 24
17 2
17 4
17 6
17 18
17 20
17 22
17 24
17 26
18 2
18 4
18 18
18 20
18 22
18 24
19 0
19 2
19 4
20 4
20 6
20 8
20 14
21 2
21 4
21 8
21 10
21 12
21 16
21 18
22 10
22 12
22 14
22 16
22 20
23 2
23 4
23 6
23 8
23 10
23 12
23 16
23 24
24 2
24 4
24 8
24 22
24 24
24 26
25 0
25 2
25 4
25 6
25 22
26 4
26 10
26 12
26 18
26 20
26 24
26 26
27 2
28 2
28 22
28 24
29 6
29 8
29 10
30 10
31 26
32 18
32 20
34 8
34 10
34 14
34 22
34 26
40 26
42 8
42 10
42 20
44 10
44 12
44 16
44 18
45 6
45 8
45 10
45 14
45 16
45 24
45 26
46 8
46 10
46 24
47 4
47 6
47 8
47 10
47 12
47 14
47 20
47 22
48 24
49 16
49 18
49 20
49 22
50 0
50 10
50 16
51 8
52 2
52 6
52 8
52 10
52 12
52 14
52 18
52 20
52 22
52 24
53 12
53 14
53 16
53 18
53 26
54 4
54 6
54 8
54 10
54 12
54 14
54 16
54 18
54 20
54 22
54 24
54 26
55 0
56 14
56 18
56 20
56 24
56 26
57 0
57 2
57 10
57 12
57 14
57 16
57 18
57 22
57 24
57 26
58 0
58 6
58 12
58 14
59 0
59 2
59 4
59 6
60 0
60 22
60 24
60 26
61 0
62 2
62 12
63 0
63 4
63 6
63 8
63 10
63 14
63 16
63 18
63 20
64 0
65 4
65 6
65 8
65 10
65 12
65 16
65 18
67 0
68 2
68 4
68 6
68 16
68 18
69 4
69 6
69 8
69 10
69 12
69 14
69 16
69 18
69 20
69 22
69 24
70 2
70 6
70 8
70 10
70 14
70 16
70 18
70 20
70 22
70 24
70 26
71 4
71 6
71 8
71 10
71 12
71 14
71 16
71 18
71 22
72 2
73 0
73 18
73 24
74 10
74 14
75 2
76 0
77 0
77 10
77 12
78 16
78 18
78 20
78 22
78 24
80 0
80 2
80 4
80 22
81 0
82 0
83 4
84 0
84 2
85 2
85 4
85 6
85 8
85 10
85 12
85 14
85 16
85 18
85 20
85 22
85 26
86 18
86 20
86 22
86 24
86 26
87 2
87 12
87 14
87 16
87 18
87 20
87 22
87 26
