0 6
0 8
0 10
0 12
0 14
0 16
0 18
0 20
0 22
0 24
0 26
1 0
1 2
1 4
1 6
1 8
1 10
1 12
1 14
1 16
1 18
1 20
1 22
1 24
1 26
2 0
2 2
2 4
2 6
2 8
2 10
3 0
3 26
4 0
5 0
5 12
5 14
5 16
5 18
5 20
5 22
5 24
5 26
6 8
6 10
6 12
6 14
6 16
6 18
6 20
6 22
9 12
12 2
12 4
12 6
12 8
12 10
14 2
14 4
14 6
14 8
14 10
14 12
14 14
14 16
14 18
14 20
14 22
14 24
14 26
17 8
17 10
17 12
17 14
17 16
18 6
18 8
18 10
18 12
18 14
18 16
18 26
19 6
19 8
19 26
21 6
21 14
23 20
23 22
24 6
24 10
24 12
24 14
24 16
24 18
24 20
25 8
25 10
25 12
25 14
25 16
25 18
25 20
25 24
25 26
26 6
26 14
26 16
28 6
28 8
28 10
28 12
28 14
28 18
28 20
28 26
32 4
32 6
34 0
34 2
34 4
34 16
34 18
34 20
35 0
35 2
35 24
35 26
36 0
36 2
36 4
37 2
38 0
38 2
39 2
39 4
39 6
39 8
39 10
39 12
39 14
39 16
39 20
40 2
40 4
40 24
42 0
42 2
42 4
42 6
42 12
42 14
43 0
43 4
44 0
44 2
44 4
44 6
44 8
44 20
44 22
45 0
45 2
45 4
46 0
46 2
46 4
46 6
46 12
47 0
47 2
48 0
48 2
48 4
48 6
48 8
48 10
48 12
48 14
48 16
48 18
48 20
48 22
48 26
49 0
49 2
49 4
49 6
49 8
49 10
49 12
49 14
49 24
51 0
51 2
51 4
51 6
52 0
53 0
53 20
54 0
54 2
56 0
56 2
56 4
56 6
56 8
56 10
56 12
56 16
56 22
60 4
60 6
60 8
60 10
60 12
60 14
60 16
60 18
60 20
61 2
61 4
61 6
61 8
61 10
61 12
61 14
61 16
61 18
61 20
61 22
61 24
61 26
62 10
62 14
62 26
63 12
63 22
63 24
63 26
64 2
64 4
64 10
64 12
64 14
65 20
65 26
66 4
66 6
66 8
66 10
66 12
66 14
66 16
66 18
66 20
66 22
66 24
66 26
67 2
67 4
67 6
67 8
67 10
67 12
67 14
67 16
67 18
67 20
67 22
67 26
69 26
70 12
71 20
71 24
71 26
72 4
72 10
72 12
72 14
72 16
72 18
72 20
72 22
72 24
72 26
73 2
73 4
73 6
73 8
73 12
73 20
74 2
74 4
74 6
74 8
74 12
74 16
74 18
74 20
74 22
74 24
74 26
75 6
75 8
75 10
75 12
75 14
75 16
75 18
75 20
75 22
75 24
75 26
76 2
76 4
76 6
76 8
76 10
76 12
76 14
76 16
76 18
76 20
76 22
76 24
76 26
77 2
77 4
77 6
77 8
77 14
77 16
77 18
77 20
77 22
77 24
77 26
78 26
79 2
79 4
79 16
79 18
79 20
79 22
79 24
79 26
80 6
80 8
80 10
80 16
80 18
80 20
80 24
80 26
81 2
81 4
81 6
81 8
81 10
81 18
81 20
81 22
81 24
81 26
82 2
82 4
82 6
82 8
82 10
82 12
82 14
82 16
82 18
82 20
82 22
82 24
82 26
83 6
83 8
83 10
83 12
83 14
83 16
83 18
83 20
83 22
83 24
83 26
84 4
84 6
84 8
84 10
84 14
84 16
84 18
84 20
84 22
84 24
84 26
87 4
87 6
87 8
87 10
