0 0
0 6
0 8
0 12
0 14
0 16
0 18
0 20
0 22
0 24
0 26
1 0
1 2
1 4
1 6
1 8
1 10
1 12
1 14
1 16
1 18
1 20
1 22
1 24
1 26
2 0
2 2
2 4
2 6
2 8
2 10
4 0
5 0
5 14
5 16
5 18
5 20
6 0
6 6
6 8
6 10
6 12
6 14
6 16
6 18
6 20
14 8
14 10
14 12
14 14
14 16
14 18
14 20
14 22
14 24
14 26
21 10
21 12
34 0
34 2
34 16
34 18
34 20
35 2
35 4
35 20
35 22
35 24
35 26
39 6
39 8
39 10
39 12
39 14
39 16
39 18
39 20
42 0
42 2
42 4
42 8
43 18
43 20
44 0
44 4
44 6
44 8
44 10
45 0
45 2
46 0
46 2
46 4
46 20
46 22
46 24
46 26
47 0
48 0
48 2
48 4
48 6
48 8
48 10
48 12
48 14
48 16
48 18
48 20
48 22
48 24
48 26
49 0
49 2
49 4
49 6
49 8
49 16
51 0
51 2
51 4
56 0
56 6
56 8
56 10
60 8
60 18
61 6
61 14
61 16
61 18
61 20
61 22
61 24
63 24
63 26
64 12
66 6
66 10
66 26
67 10
69 26
71 24
72 14
72 18
72 24
74 6
74 18
74 26
75 20
75 22
75 24
76 8
76 14
76 24
77 12
77 14
77 16
77 18
77 20
77 22
77 26
79 18
79 20
79 22
79 24
79 26
80 8
80 10
80 12
80 26
81 8
81 10
81 12
81 24
81 26
82 6
82 12
82 14
82 24
83 14
83 16
83 18
83 20
83 22
83 24
84 14
84 16
84 18
84 20
84 22
84 24
84 26
