3 22
3 24
3 26
16 4
16 18
23 18
24 10
24 12
24 14
25 6
25 26
32 6
32 8
32 10
32 26
33 0
33 2
33 6
33 8
33 10
34 4
34 10
34 12
34 14
35 0
35 6
35 18
36 0
36 4
37 0
37 2
37 4
37 6
37 12
37 18
37 20
37 26
38 0
38 2
38 4
38 6
38 8
38 10
39 0
39 22
39 24
39 26
40 0
40 2
40 4
40 6
40 8
40 10
40 12
40 14
40 16
40 18
40 22
40 24
41 0
43 0
43 2
44 22
44 24
44 26
49 12
62 6
62 8
62 10
62 12
62 14
62 16
62 18
62 20
62 22
62 24
62 26
64 8
64 14
64 16
64 18
64 20
64 22
64 24
64 26
66 18
72 6
72 8
72 20
77 4
77 6
77 8
79 6
79 8
79 10
79 12
79 14
80 14
80 16
80 18
81 14
81 16
81 18
84 10
84 12
