0 10
3 20
10 0
12 12
12 16
13 20
14 0
15 14
15 16
15 18
16 10
16 12
16 16
16 24
16 26
18 4
18 22
19 0
19 2
20 6
20 8
23 16
23 24
24 8
24 24
24 26
26 10
26 12
26 14
26 16
26 20
26 24
28 22
28 24
30 10
34 6
34 8
34 26
39 2
40 26
42 12
49 22
50 0
52 8
52 10
54 16
57 0
57 10
57 14
58 12
60 0
60 24
60 26
61 0
62 2
63 0
63 6
63 12
63 14
63 16
63 18
63 20
65 18
68 2
68 4
68 6
68 18
70 2
70 8
70 10
70 16
70 22
70 24
70 26
71 4
71 8
71 12
71 16
71 26
73 0
76 0
78 12
78 20
80 0
80 2
80 4
80 22
81 0
84 0
85 6
86 18
86 20
86 22
86 24
86 26
87 2
87 10
87 16
87 26
