7 0
7 2
7 14
7 16
7 18
7 20
7 22
7 24
8 10
8 18
8 22
8 24
8 26
11 0
13 0
13 2
13 12
15 0
17 0
20 0
21 20
22 0
22 2
22 4
22 22
22 24
22 26
23 0
26 0
26 2
27 0
29 0
30 6
30 12
30 16
30 18
30 20
30 22
30 24
31 0
31 2
31 8
45 20
47 26
50 4
50 6
50 8
51 10
51 12
51 14
51 16
51 18
51 20
51 22
51 24
51 26
52 4
55 8
55 10
55 12
55 14
55 16
55 18
55 20
55 22
55 24
55 26
57 4
57 6
57 8
58 10
58 16
58 18
58 20
58 22
58 24
58 26
59 8
59 10
59 12
59 14
59 18
59 22
59 24
59 26
62 0
65 0
65 14
66 0
68 8
68 12
68 14
68 20
68 22
68 26
69 0
69 2
70 0
71 0
75 0
78 0
78 2
78 10
83 0
85 0
86 0
86 6
86 8
86 10
86 12
86 14
