0 2
2 12
2 14
2 18
2 20
2 22
2 24
2 26
3 0
3 2
3 4
3 6
3 8
3 10
3 12
3 14
3 16
5 2
5 4
5 6
6 4
7 4
7 6
7 8
7 10
7 12
8 6
8 8
8 12
8 14
8 16
8 20
9 0
11 2
11 4
11 6
11 8
11 10
11 12
11 14
11 16
11 18
11 20
11 22
11 24
11 26
12 14
12 18
12 20
12 22
12 24
12 26
13 4
13 6
13 8
13 10
13 14
13 16
13 18
13 22
13 24
13 26
15 2
15 4
15 6
15 8
15 10
15 12
15 20
15 22
15 24
15 26
16 0
16 2
17 2
17 4
18 0
18 2
18 20
19 4
20 2
20 4
20 10
20 12
20 14
21 0
21 18
22 6
22 8
22 10
22 12
22 14
22 16
22 18
22 20
23 2
23 4
23 6
23 8
23 10
23 12
23 14
23 26
24 0
25 0
26 4
26 22
26 26
27 2
28 0
29 6
29 8
29 10
29 12
30 8
30 14
30 26
31 6
31 26
32 24
34 24
42 18
42 20
42 22
42 24
42 26
44 12
44 14
44 16
44 18
45 16
45 18
45 22
45 24
45 26
46 6
46 8
46 10
46 12
49 18
49 20
50 2
51 8
52 2
52 6
52 12
52 14
52 16
52 18
52 20
52 22
52 24
52 26
53 12
53 16
54 8
54 10
54 20
54 22
54 24
54 26
55 0
55 2
55 4
55 6
56 14
56 24
56 26
57 2
57 16
57 18
57 20
57 22
57 24
57 26
58 0
58 4
58 6
58 8
58 14
59 0
59 2
59 4
59 6
59 16
59 20
63 2
63 4
64 0
65 2
65 4
65 6
65 10
65 12
65 16
66 2
67 0
68 0
68 10
68 16
68 24
69 4
69 6
69 8
69 10
69 16
69 18
69 20
69 22
69 24
70 14
70 18
70 20
71 2
71 6
71 22
73 26
74 0
78 14
78 16
78 18
78 22
78 24
79 0
82 0
85 2
85 4
85 8
85 14
85 18
85 20
85 22
85 24
85 26
86 2
86 4
86 16
87 0
87 12
87 22
