2 16
4 14
5 12
5 22
5 24
5 26
6 22
10 2
12 2
12 4
12 6
12 8
12 10
14 4
14 6
16 14
17 6
17 8
17 10
17 12
17 14
17 16
18 6
18 8
18 10
18 12
18 14
18 16
18 18
19 6
19 8
19 10
19 20
19 26
21 2
21 4
21 6
21 8
21 14
23 20
23 22
24 20
24 22
25 8
25 10
25 12
25 20
26 6
26 18
27 12
27 14
27 16
28 4
28 6
28 8
28 10
28 12
28 14
28 16
28 18
28 20
28 26
32 2
32 4
34 22
39 4
42 6
42 10
43 4
44 2
44 20
45 4
47 2
47 4
47 6
47 8
47 10
47 12
49 10
49 14
49 24
51 6
52 0
53 0
54 0
54 2
54 4
54 6
54 12
54 14
54 18
56 2
56 4
56 12
56 16
56 18
56 20
56 22
57 12
60 4
60 6
60 10
60 12
60 14
60 16
60 20
60 22
61 2
61 4
61 8
61 10
61 12
61 26
63 8
63 10
63 22
64 2
64 4
64 6
64 10
65 8
65 20
65 26
66 4
66 8
66 12
66 14
66 16
66 20
66 22
66 24
67 2
67 6
67 8
67 12
67 14
67 16
67 18
67 20
67 22
67 26
69 12
69 14
70 6
70 12
71 10
71 14
71 18
71 20
72 4
72 10
72 12
72 16
72 22
72 26
73 2
73 4
73 6
73 8
73 10
73 12
73 18
73 20
73 24
74 2
74 4
74 8
74 10
74 12
74 14
74 16
74 20
74 22
74 24
75 6
75 8
75 10
75 12
75 14
75 16
75 18
75 26
76 2
76 4
76 6
76 10
76 12
76 16
76 18
76 20
76 22
77 0
77 2
77 10
77 24
78 4
78 26
79 2
79 4
79 16
80 6
80 20
80 24
81 2
81 4
81 6
81 20
81 22
82 2
82 4
82 8
82 10
82 16
82 18
82 20
82 22
82 26
83 8
83 10
84 4
84 8
85 10
85 16
87 4
87 6
87 8
87 14
87 18
